4329
0 65535 0 65535
322 461 337 476
338 501 338 501
947 8560 956 8569
1943 12292 1943 12292
1961 12310 1967 12316
1969 12318 1969 12318
1971 12320 1971 12320
1972 12336 1979 12343
2162 12832 2178 12848
2181 12851 2186 12856
2188 12858 2197 12867
2198 12928 2233 12963
2239 12969 2246 12976
2247 12992 2258 13003
2259 13008 2305 13054
2306 13056 2308 13058
2310 13060 2318 13068
2320 13070 2325 13075
2327 13077 2329 13079
2331 13081 2339 13089
2342 13092 2343 13093
2346 13096 2348 13098
2350 13100 2359 13109
2361 13111 2364 13114
2366 13116 2378 13128
2381 13131 2382 13132
2384 13134 2386 13136
2388 13138 2392 13142
2394 13144 2424 13174
2429 13183 2443 13197
2446 13200 2457 13211
2461 13215 2462 13216
2464 13218 2497 13251
2499 13253 2506 13260
2508 13262 2523 13277
2524 13280 2554 13310
2555 19968 2560 19973
2561 19975 2568 19982
2569 19984 2571 19986
2572 19988 2577 19993
2578 19998 2579 19999
2580 20001 2580 20001
2581 20003 2582 20004
2583 20006 2583 20006
2584 20008 2584 20008
2585 20010 2586 20011
2587 20013 2592 20018
2593 20021 2594 20022
2595 20024 2596 20025
2597 20027 2598 20028
2599 20031 2605 20037
2606 20039 2606 20039
2607 20043 2607 20043
2608 20045 2610 20047
2611 20049 2611 20049
2612 20053 2617 20058
2618 20060 2621 20063
2622 20066 2623 20067
2624 20072 2625 20073
2626 20081 2626 20081
2627 20083 2629 20085
2630 20089 2630 20089
2631 20094 2633 20096
2634 20098 2634 20098
2635 20101 2636 20102
2637 20104 2643 20110
2644 20113 2645 20114
2646 20116 2651 20121
2652 20123 2659 20130
2660 20132 2662 20134
2663 20136 2663 20136
2664 20139 2669 20144
2670 20147 2670 20147
2671 20150 2671 20150
2672 20153 2673 20154
2674 20160 2678 20164
2679 20166 2680 20167
2681 20170 2682 20171
2683 20173 2686 20176
2687 20180 2694 20187
2696 20190 2703 20197
2704 20200 2704 20200
2705 20205 2711 20211
2712 20213 2714 20215
2715 20219 2723 20227
2724 20232 2734 20242
2735 20245 2737 20247
2738 20249 2739 20250
2740 20252 2741 20253
2742 20270 2745 20273
2746 20275 2757 20286
2758 20288 2758 20288
2759 20290 2760 20291
2761 20294 2764 20297
2765 20299 2786 20320
2787 20323 2787 20323
2788 20329 2789 20330
2790 20332 2790 20332
2791 20334 2794 20337
2795 20339 2795 20339
2796 20341 2806 20351
2807 20353 2812 20358
2813 20360 2825 20372
2826 20374 2831 20379
2832 20381 2836 20385
2837 20395 2837 20395
2838 20397 2840 20399
2841 20402 2841 20402
2842 20405 2844 20407
2845 20409 2845 20409
2846 20411 2857 20422
2858 20424 2868 20434
2869 20436 2869 20436
2870 20439 2871 20440
2872 20442 2875 20445
2876 20447 2882 20453
2883 20462 2885 20464
2886 20466 2887 20467
2888 20469 2889 20470
2890 20472 2890 20472
2891 20474 2891 20474
2892 20476 2897 20481
2898 20484 2901 20487
2902 20489 2913 20500
2914 20502 2923 20511
2924 20513 2937 20526
2938 20528 2938 20528
2939 20530 2940 20531
2941 20533 2942 20534
2943 20537 2943 20537
2944 20539 2944 20539
2945 20544 2948 20547
2949 20549 2954 20554
2955 20556 2955 20556
2956 20558 2961 20563
2962 20565 2964 20567
2965 20569 2966 20570
2967 20572 2967 20572
2968 20575 2969 20576
2970 20578 2971 20579
2972 20581 2974 20583
2975 20586 2975 20586
2976 20588 2977 20589
2978 20592 2980 20594
2981 20596 2983 20598
2984 20600 2984 20600
2985 20605 2985 20605
2986 20608 2987 20609
2988 20611 2991 20614
2992 20618 2992 20618
2993 20621 3000 20628
3001 20630 3001 20630
3002 20632 3006 20636
3007 20638 3011 20642
3012 20650 3012 20650
3013 20652 3014 20653
3015 20655 3016 20656
3017 20658 3020 20661
3021 20663 3021 20663
3022 20665 3023 20666
3024 20669 3025 20670
3026 20672 3026 20672
3027 20674 3030 20677
3031 20679 3031 20679
3032 20681 3033 20682
3034 20684 3039 20689
3040 20691 3043 20694
3044 20696 3044 20696
3045 20698 3045 20698
3046 20700 3049 20703
3050 20706 3057 20713
3058 20717 3060 20719
3061 20721 3062 20722
3063 20724 3065 20726
3066 20729 3068 20731
3069 20734 3069 20734
3070 20736 3074 20740
3075 20742 3078 20745
3079 20747 3082 20750
3083 20752 3083 20752
3084 20754 3084 20754
3085 20756 3096 20767
3097 20769 3097 20769
3098 20771 3098 20771
3099 20775 3100 20776
3101 20778 3101 20778
3102 20780 3103 20781
3104 20783 3104 20783
3105 20785 3109 20789
3110 20791 3115 20796
3116 20799 3133 20816
3134 20818 3137 20821
3138 20823 3139 20824
3140 20826 3140 20826
3141 20828 3141 20828
3142 20831 3142 20831
3143 20834 3143 20834
3144 20836 3146 20838
3147 20840 3153 20846
3154 20849 3154 20849
3155 20853 3158 20856
3159 20860 3159 20860
3160 20862 3160 20862
3161 20864 3161 20864
3162 20866 3166 20870
3167 20873 3177 20883
3178 20885 3182 20889
3183 20893 3183 20893
3184 20896 3190 20902
3191 20904 3196 20909
3197 20912 3205 20920
3206 20922 3206 20922
3207 20924 3210 20927
3211 20930 3211 20930
3212 20932 3214 20934
3215 20936 3216 20937
3217 20939 3219 20941
3220 20943 3220 20943
3221 20945 3223 20947
3224 20949 3225 20950
3226 20952 3226 20952
3227 20955 3230 20958
3231 20960 3233 20962
3234 20965 3236 20967
3237 20969 3238 20970
3239 20972 3241 20974
3242 20976 3252 20986
3253 20989 3254 20990
3255 20992 3263 21000
3264 21002 3265 21003
3266 21006 3266 21006
3267 21009 3274 21016
3275 21021 3275 21021
3276 21026 3276 21026
3277 21028 3278 21029
3279 21031 3282 21034
3283 21038 3283 21038
3284 21040 3287 21043
3288 21045 3295 21052
3296 21059 3298 21061
3299 21063 3299 21063
3300 21065 3304 21069
3305 21071 3305 21071
3306 21076 3310 21080
3311 21082 3313 21084
3314 21086 3317 21089
3318 21091 3321 21094
3322 21097 3323 21098
3324 21102 3331 21109
3332 21111 3334 21113
3335 21117 3335 21117
3336 21119 3337 21120
3338 21122 3339 21123
3340 21125 3340 21125
3341 21127 3344 21130
3345 21132 3346 21133
3347 21137 3354 21144
3355 21146 3357 21148
3358 21151 3359 21152
3360 21155 3364 21159
3365 21161 3369 21165
3370 21167 3372 21169
3373 21172 3383 21182
3384 21184 3385 21185
3386 21187 3392 21193
3393 21196 3394 21197
3395 21199 3395 21199
3396 21201 3397 21202
3398 21204 3403 21209
3404 21211 3419 21226
3420 21228 3420 21228
3421 21232 3431 21242
3432 21246 3437 21251
3438 21253 3441 21256
3442 21258 3445 21261
3446 21263 3448 21265
3449 21267 3449 21267
3450 21269 3462 21281
3463 21283 3465 21285
3466 21287 3472 21293
3473 21295 3477 21299
3478 21301 3478 21301
3479 21304 3490 21315
3491 21317 3499 21325
3500 21329 3503 21332
3504 21335 3509 21340
3510 21342 3510 21342
3511 21344 3512 21345
3513 21347 3513 21347
3514 21349 3515 21350
3516 21353 3516 21353
3517 21356 3526 21365
3527 21367 3529 21369
3530 21371 3530 21371
3531 21374 3532 21375
3533 21378 3535 21380
3536 21383 3537 21384
3538 21390 3538 21390
3539 21395 3540 21396
3541 21398 3541 21398
3542 21400 3544 21402
3545 21405 3545 21405
3546 21407 3548 21409
3549 21412 3551 21414
3552 21416 3555 21419
3556 21421 3559 21424
3560 21426 3566 21432
3567 21434 3568 21435
3569 21437 3569 21437
3570 21440 3570 21440
3571 21442 3572 21443
3573 21445 3573 21445
3574 21448 3581 21455
3582 21458 3587 21463
3588 21465 3590 21467
3591 21469 3613 21491
3614 21493 3617 21496
3618 21498 3618 21498
3619 21505 3622 21508
3623 21512 3632 21521
3633 21523 3633 21523
3634 21530 3635 21531
3636 21533 3636 21533
3637 21535 3639 21537
3640 21542 3649 21551
3650 21553 3650 21553
3651 21556 3653 21558
3654 21560 3655 21561
3656 21563 3659 21566
3660 21568 3660 21568
3661 21570 3663 21572
3664 21574 3668 21578
3669 21581 3671 21583
3672 21585 3672 21585
3673 21598 3674 21599
3675 21602 3675 21602
3676 21604 3676 21604
3677 21606 3682 21611
3683 21613 3684 21614
3685 21616 3686 21617
3687 21619 3691 21623
3692 21627 3694 21629
3695 21631 3697 21633
3698 21635 3701 21638
3702 21640 3712 21650
3713 21653 3714 21654
3715 21660 3715 21660
3716 21663 3716 21663
3717 21665 3718 21666
3719 21668 3730 21679
3731 21681 3733 21683
3734 21687 3745 21698
3746 21700 3746 21700
3747 21702 3751 21706
3752 21709 3753 21710
3754 21720 3754 21720
3755 21728 3757 21730
3758 21733 3759 21734
3760 21736 3762 21738
3763 21740 3766 21743
3767 21746 3767 21746
3768 21750 3768 21750
3769 21754 3769 21754
3770 21756 3775 21761
3776 21764 3781 21769
3782 21772 3786 21776
3787 21780 3789 21782
3790 21802 3791 21803
3792 21806 3793 21807
3794 21809 3796 21811
3797 21813 3798 21814
3799 21816 3800 21817
3801 21819 3804 21822
3805 21824 3806 21825
3807 21828 3810 21831
3811 21833 3812 21834
3813 21836 3814 21837
3815 21839 3817 21841
3818 21843 3818 21843
3819 21846 3821 21848
3822 21850 3826 21854
3827 21856 3828 21857
3829 21859 3830 21860
3831 21862 3831 21862
3832 21883 3833 21884
3834 21886 3840 21892
3841 21894 3846 21899
3847 21902 3848 21903
3849 21905 3852 21908
3853 21911 3856 21914
3857 21916 3860 21919
3861 21923 3862 21924
3863 21927 3870 21934
3871 21936 3871 21936
3872 21938 3872 21938
3873 21942 3873 21942
3874 21951 3874 21951
3875 21953 3875 21953
3876 21955 3880 21959
3881 21961 3881 21961
3882 21963 3883 21964
3884 21966 3884 21966
3885 21969 3888 21972
3889 21975 3890 21976
3891 21978 3893 21980
3894 21982 3895 21983
3896 21986 3898 21988
3899 21993 3899 21993
3900 22006 3901 22007
3902 22009 3902 22009
3903 22013 3905 22015
3906 22021 3907 22022
3908 22024 3910 22026
3911 22029 3916 22034
3917 22036 3917 22036
3918 22038 3921 22041
3922 22043 3922 22043
3923 22057 3923 22057
3924 22060 3924 22060
3925 22063 3935 22073
3936 22075 3938 22077
3939 22079 3944 22084
3945 22086 3945 22086
3946 22089 3946 22089
3947 22091 3952 22096
3953 22100 3953 22100
3954 22107 3954 22107
3955 22110 3955 22110
3956 22112 3960 22116
3961 22118 3961 22118
3962 22120 3967 22125
3968 22127 3968 22127
3969 22129 3970 22130
3971 22132 3972 22133
3973 22136 3973 22136
3974 22138 3974 22138
3975 22144 3975 22144
3976 22148 3980 22152
3981 22154 3983 22156
3984 22159 3984 22159
3985 22164 3986 22165
3987 22169 3988 22170
3989 22173 3992 22176
3993 22178 3993 22178
3994 22181 3998 22185
3999 22187 4002 22190
4003 22193 4003 22193
4004 22195 4005 22196
4006 22198 4007 22199
4008 22204 4008 22204
4009 22206 4009 22206
4010 22208 4013 22211
4014 22213 4014 22213
4015 22216 4024 22225
4025 22227 4025 22227
4026 22231 4036 22241
4037 22243 4042 22248
4043 22251 4043 22251
4044 22253 4045 22254
4046 22256 4049 22259
4050 22262 4051 22263
4052 22265 4053 22266
4054 22269 4054 22269
4055 22271 4060 22276
4061 22279 4067 22285
4068 22287 4068 22287
4069 22289 4071 22291
4072 22293 4073 22294
4074 22296 4074 22296
4075 22298 4078 22301
4079 22303 4080 22304
4081 22306 4089 22314
4090 22316 4094 22320
4095 22323 4096 22324
4097 22327 4098 22328
4099 22331 4099 22331
4100 22333 4103 22336
4104 22338 4104 22338
4105 22341 4107 22343
4108 22346 4108 22346
4109 22348 4115 22354
4116 22361 4116 22361
4117 22369 4118 22370
4119 22372 4126 22379
4127 22381 4131 22385
4132 22387 4134 22389
4135 22391 4135 22391
4136 22393 4139 22396
4140 22398 4141 22399
4142 22401 4144 22403
4145 22408 4146 22409
4147 22411 4148 22412
4149 22419 4151 22421
4152 22423 4152 22423
4153 22425 4154 22426
4155 22428 4163 22436
4164 22439 4167 22442
4168 22444 4168 22444
4169 22448 4169 22448
4170 22451 4170 22451
4171 22456 4171 22456
4172 22461 4172 22461
4173 22464 4173 22464
4174 22467 4174 22467
4175 22470 4177 22472
4178 22475 4179 22476
4180 22478 4181 22479
4182 22482 4186 22486
4187 22492 4192 22497
4193 22499 4194 22500
4195 22502 4196 22503
4197 22505 4197 22505
4198 22509 4198 22509
4199 22512 4199 22512
4200 22516 4206 22522
4207 22524 4211 22528
4212 22530 4216 22534
4217 22536 4222 22541
4223 22549 4223 22549
4224 22553 4224 22553
4225 22555 4225 22555
4226 22557 4230 22561
4231 22564 4231 22564
4232 22566 4233 22567
4234 22570 4234 22570
4235 22573 4235 22573
4236 22575 4239 22578
4240 22580 4241 22581
4242 22585 4243 22586
4244 22589 4244 22589
4245 22591 4247 22593
4248 22601 4252 22605
4253 22607 4256 22610
4257 22612 4258 22613
4259 22615 4262 22618
4263 22622 4264 22623
4265 22625 4266 22626
4267 22628 4267 22628
4268 22631 4270 22633
4271 22635 4271 22635
4272 22640 4272 22640
4273 22642 4273 22642
4274 22645 4274 22645
4275 22648 4276 22649
4277 22652 4277 22652
4278 22654 4281 22657
4282 22659 4282 22659
4283 22661 4283 22661
4284 22663 4287 22666
4288 22668 4289 22669
4290 22671 4291 22672
4292 22675 4293 22676
4294 22678 4295 22679
4296 22684 4302 22690
4303 22694 4303 22694
4304 22696 4305 22697
4306 22699 4306 22699
4307 22702 4307 22702
4308 22705 4310 22707
4311 22712 4315 22716
4316 22718 4316 22718
4317 22721 4318 22722
4319 22724 4320 22725
4321 22727 4322 22728
4323 22730 4323 22730
4324 22732 4326 22734
4327 22736 4337 22746
4338 22748 4341 22751
4342 22753 4343 22754
4344 22756 4345 22757
4346 22761 4346 22761
4347 22763 4348 22764
4349 22766 4354 22771
4355 22775 4355 22775
4356 22777 4360 22781
4361 22786 4361 22786
4362 22789 4363 22790
4364 22793 4367 22796
4368 22799 4369 22800
4370 22802 4374 22806
4375 22808 4380 22813
4381 22817 4385 22821
4386 22823 4398 22835
4399 22837 4402 22840
4403 22846 4404 22847
4405 22851 4406 22852
4407 22854 4410 22857
4411 22862 4418 22869
4419 22871 4423 22875
4424 22877 4430 22883
4431 22885 4431 22885
4432 22887 4440 22895
4441 22898 4445 22902
4446 22904 4447 22905
4448 22907 4450 22909
4451 22913 4454 22916
4455 22922 4459 22926
4460 22930 4461 22931
4462 22933 4464 22935
4465 22937 4465 22937
4466 22939 4466 22939
4467 22941 4467 22941
4468 22943 4468 22943
4469 22947 4471 22949
4472 22951 4473 22952
4474 22956 4478 22960
4479 22962 4480 22963
4481 22967 4481 22967
4482 22969 4485 22972
4486 22974 4486 22974
4487 22977 4487 22977
4488 22979 4489 22980
4490 22982 4490 22982
4491 22984 4494 22987
4495 22989 4495 22989
4496 22992 4500 22996
4501 23001 4502 23002
4503 23004 4506 23007
4507 23011 4512 23016
4513 23018 4514 23019
4515 23022 4516 23023
4517 23025 4518 23026
4519 23028 4519 23028
4520 23030 4521 23031
4522 23035 4522 23035
4523 23039 4525 23041
4526 23043 4527 23044
4528 23049 4528 23049
4529 23052 4531 23054
4532 23057 4534 23059
4535 23064 4535 23064
4536 23066 4536 23066
4537 23068 4537 23068
4538 23070 4540 23072
4541 23075 4543 23077
4544 23079 4547 23082
4548 23085 4548 23085
4549 23087 4550 23088
4551 23093 4552 23094
4553 23100 4553 23100
4554 23104 4555 23105
4556 23108 4561 23113
4562 23116 4562 23116
4563 23120 4563 23120
4564 23125 4564 23125
4565 23130 4565 23130
4566 23134 4566 23134
4567 23138 4568 23139
4569 23141 4571 23143
4572 23146 4572 23146
4573 23148 4574 23149
4575 23159 4575 23159
4576 23162 4577 23163
4578 23166 4579 23167
4580 23179 4580 23179
4581 23184 4581 23184
4582 23186 4583 23187
4584 23190 4584 23190
4585 23193 4588 23196
4589 23198 4591 23200
4592 23202 4592 23202
4593 23207 4593 23207
4594 23212 4594 23212
4595 23217 4597 23219
4598 23221 4598 23221
4599 23224 4599 23224
4600 23226 4605 23231
4606 23233 4607 23234
4608 23236 4608 23236
4609 23238 4609 23238
4610 23240 4611 23241
4612 23243 4613 23244
4614 23247 4615 23248
4616 23254 4617 23255
4618 23258 4618 23258
4619 23260 4619 23260
4620 23264 4621 23265
4622 23267 4622 23267
4623 23269 4624 23270
4625 23273 4626 23274
4627 23278 4627 23278
4628 23285 4629 23286
4630 23290 4631 23291
4632 23293 4632 23293
4633 23296 4634 23297
4635 23304 4636 23305
4637 23307 4638 23308
4639 23318 4640 23319
4641 23321 4641 23321
4642 23323 4642 23323
4643 23325 4643 23325
4644 23329 4645 23330
4646 23333 4646 23333
4647 23338 4647 23338
4648 23340 4649 23341
4650 23344 4650 23344
4651 23346 4651 23346
4652 23348 4652 23348
4653 23350 4653 23350
4654 23352 4654 23352
4655 23358 4655 23358
4656 23360 4657 23361
4658 23363 4658 23363
4659 23365 4659 23365
4660 23371 4661 23372
4662 23376 4664 23378
4665 23380 4669 23384
4670 23386 4675 23391
4676 23395 4679 23398
4680 23400 4681 23401
4682 23403 4682 23403
4683 23406 4686 23409
4687 23411 4687 23411
4688 23413 4688 23413
4689 23416 4689 23416
4690 23418 4690 23418
4691 23420 4696 23425
4697 23427 4711 23441
4712 23443 4722 23453
4723 23455 4723 23455
4724 23458 4728 23462
4729 23464 4730 23465
4731 23468 4745 23482
4746 23484 4746 23484
4747 23487 4755 23495
4756 23497 4756 23497
4757 23500 4758 23501
4759 23503 4760 23504
4761 23506 4763 23508
4764 23510 4769 23515
4770 23517 4775 23522
4776 23524 4781 23529
4782 23531 4783 23532
4784 23534 4787 23537
4788 23539 4791 23542
4792 23544 4792 23544
4793 23546 4793 23546
4794 23549 4796 23551
4797 23553 4798 23554
4799 23556 4810 23567
4811 23569 4811 23569
4812 23571 4812 23571
4813 23574 4814 23575
4815 23578 4815 23578
4816 23582 4818 23584
4819 23586 4821 23588
4822 23590 4822 23590
4823 23592 4824 23593
4825 23595 4828 23598
4829 23600 4831 23602
4832 23605 4833 23606
4834 23608 4843 23617
4844 23621 4845 23622
4846 23624 4846 23624
4847 23626 4848 23627
4849 23629 4853 23633
4854 23635 4854 23635
4855 23637 4855 23637
4856 23641 4857 23642
4858 23644 4858 23644
4859 23646 4859 23646
4860 23648 4865 23653
4866 23655 4868 23657
4869 23660 4874 23665
4875 23668 4877 23670
4878 23673 4882 23677
4883 23687 4884 23688
4885 23690 4885 23690
4886 23692 4886 23692
4887 23695 4890 23698
4891 23700 4891 23700
4892 23709 4892 23709
4893 23711 4897 23715
4898 23718 4898 23718
4899 23720 4903 23724
4904 23729 4911 23736
4912 23738 4914 23740
4915 23742 4915 23742
4916 23749 4916 23749
4917 23751 4917 23751
4918 23753 4918 23753
4919 23755 4919 23755
4920 23762 4920 23762
4921 23767 4921 23767
4922 23769 4922 23769
4923 23773 4923 23773
4924 23776 4925 23777
4926 23784 4928 23786
4929 23789 4934 23794
4935 23796 4937 23798
4938 23802 4939 23803
4940 23805 4940 23805
4941 23809 4941 23809
4942 23814 4943 23815
4944 23819 4944 23819
4945 23821 4946 23822
4947 23825 4948 23826
4949 23828 4956 23835
4957 23839 4957 23839
4958 23842 4960 23844
4961 23846 4962 23847
4963 23849 4963 23849
4964 23851 4964 23851
4965 23857 4965 23857
4966 23860 4966 23860
4967 23865 4967 23865
4968 23869 4968 23869
4969 23871 4969 23871
4970 23874 4971 23875
4972 23878 4972 23878
4973 23880 4973 23880
4974 23882 4976 23884
4977 23886 4977 23886
4978 23888 4981 23891
4982 23893 4982 23893
4983 23897 4983 23897
4984 23900 4984 23900
4985 23903 4988 23906
4989 23908 4989 23908
4990 23913 4991 23914
4992 23916 4993 23917
4994 23919 4995 23920
4996 23923 4996 23923
4997 23926 4997 23926
4998 23929 4999 23930
5000 23934 5001 23935
5002 23937 5005 23940
5006 23943 5007 23944
5008 23946 5010 23948
5011 23952 5011 23952
5012 23954 5015 23957
5016 23961 5016 23961
5017 23963 5017 23963
5018 23965 5018 23965
5019 23967 5020 23968
5021 23970 5021 23970
5022 23975 5022 23975
5023 23979 5024 23980
5025 23982 5025 23982
5026 23984 5026 23984
5027 23986 5027 23986
5028 23988 5028 23988
5029 23991 5032 23994
5033 23996 5034 23997
5035 24003 5035 24003
5036 24007 5036 24007
5037 24009 5037 24009
5038 24011 5041 24014
5042 24016 5042 24016
5043 24018 5044 24019
5045 24022 5045 24022
5046 24024 5047 24025
5048 24027 5048 24027
5049 24029 5050 24030
5051 24032 5052 24033
5053 24035 5059 24041
5060 24043 5060 24043
5061 24046 5061 24046
5062 24049 5066 24053
5067 24055 5069 24057
5070 24059 5070 24059
5071 24061 5072 24062
5073 24064 5073 24064
5074 24066 5075 24067
5076 24070 5077 24071
5078 24075 5080 24077
5081 24081 5082 24082
5083 24084 5085 24086
5086 24088 5089 24091
5090 24093 5090 24093
5091 24095 5092 24096
5093 24101 5093 24101
5094 24104 5094 24104
5095 24107 5095 24107
5096 24109 5099 24112
5100 24114 5101 24115
5102 24117 5105 24120
5106 24125 5107 24126
5108 24128 5108 24128
5109 24131 5111 24133
5112 24135 5112 24135
5113 24137 5113 24137
5114 24139 5115 24140
5116 24142 5116 24142
5117 24144 5118 24145
5119 24148 5123 24152
5124 24155 5125 24156
5126 24158 5127 24159
5128 24161 5131 24164
5132 24168 5132 24168
5133 24170 5137 24174
5138 24176 5138 24176
5139 24178 5143 24182
5144 24184 5153 24193
5154 24195 5155 24196
5156 24199 5156 24199
5157 24202 5158 24203
5159 24206 5160 24207
5161 24213 5163 24215
5164 24218 5164 24218
5165 24220 5165 24220
5166 24224 5166 24224
5167 24226 5167 24226
5168 24228 5172 24232
5173 24234 5176 24237
5177 24241 5177 24241
5178 24243 5178 24243
5179 24245 5182 24248
5183 24253 5185 24255
5186 24257 5188 24259
5189 24262 5189 24262
5190 24264 5194 24268
5195 24270 5203 24278
5204 24282 5213 24291
5214 24293 5214 24293
5215 24296 5216 24297
5217 24299 5218 24300
5219 24304 5220 24305
5221 24307 5222 24308
5223 24310 5225 24312
5226 24314 5228 24316
5229 24318 5230 24319
5231 24321 5234 24324
5235 24326 5246 24337
5247 24339 5253 24345
5254 24347 5256 24349
5257 24351 5257 24351
5258 24353 5266 24361
5267 24363 5273 24369
5274 24372 5278 24376
5279 24379 5285 24385
5286 24388 5287 24389
5288 24391 5289 24392
5290 24394 5290 24394
5291 24396 5293 24398
5294 24400 5295 24401
5296 24403 5297 24404
5298 24406 5301 24409
5302 24411 5304 24413
5305 24416 5309 24420
5310 24422 5311 24423
5312 24425 5316 24429
5317 24431 5323 24437
5324 24439 5327 24442
5328 24444 5337 24453
5338 24455 5344 24461
5345 24463 5349 24467
5350 24470 5353 24473
5354 24476 5356 24478
5357 24480 5359 24482
5360 24484 5360 24484
5361 24487 5371 24497
5372 24499 5373 24500
5374 24503 5376 24505
5377 24508 5378 24509
5379 24515 5381 24517
5382 24519 5384 24521
5385 24523 5387 24525
5388 24528 5392 24532
5393 24534 5396 24537
5397 24540 5399 24542
5400 24544 5402 24546
5403 24548 5403 24548
5404 24552 5415 24563
5416 24565 5417 24566
5418 24568 5418 24568
5419 24570 5422 24573
5423 24575 5423 24575
5424 24583 5424 24583
5425 24586 5425 24586
5426 24589 5429 24592
5430 24594 5441 24605
5442 24607 5444 24609
5445 24612 5452 24619
5453 24621 5453 24621
5454 24623 5454 24623
5455 24625 5455 24625
5456 24627 5456 24627
5457 24629 5457 24629
5458 24634 5458 24634
5459 24640 5462 24643
5463 24646 5470 24653
5471 24656 5473 24658
5474 24660 5477 24663
5478 24665 5479 24666
5480 24669 5480 24669
5481 24671 5487 24677
5488 24679 5494 24685
5495 24687 5497 24689
5498 24693 5498 24693
5499 24695 5499 24695
5500 24702 5501 24703
5502 24705 5507 24710
5508 24712 5514 24718
5515 24721 5522 24728
5523 24730 5524 24731
5525 24733 5528 24736
5529 24738 5537 24746
5538 24752 5546 24760
5547 24763 5550 24766
5551 24770 5551 24770
5552 24772 5559 24779
5560 24782 5561 24783
5562 24785 5562 24785
5563 24787 5565 24789
5566 24792 5577 24803
5578 24805 5578 24805
5579 24807 5580 24808
5581 24816 5594 24829
5595 24832 5598 24835
5599 24838 5603 24842
5604 24844 5615 24855
5616 24857 5619 24860
5620 24862 5624 24866
5625 24871 5626 24872
5627 24874 5629 24876
5630 24880 5631 24881
5632 24884 5635 24887
5636 24889 5636 24889
5637 24892 5640 24895
5641 24897 5642 24898
5643 24900 5653 24910
5654 24915 5654 24915
5655 24917 5655 24917
5656 24920 5658 24922
5659 24925 5662 24928
5663 24930 5664 24931
5665 24933 5665 24933
5666 24935 5667 24936
5668 24939 5669 24940
5670 24942 5680 24952
5681 24955 5682 24956
5683 24958 5689 24964
5690 24967 5690 24967
5691 24970 5692 24971
5693 24973 5694 24974
5695 24976 5699 24980
5700 24982 5704 24986
5705 24988 5706 24989
5707 24991 5708 24992
5709 24996 5710 24997
5711 24999 5718 25006
5719 25010 5719 25010
5720 25014 5720 25014
5721 25016 5723 25018
5724 25020 5724 25020
5725 25022 5725 25022
5726 25024 5729 25027
5730 25030 5740 25040
5741 25045 5741 25045
5742 25052 5745 25055
5746 25057 5748 25059
5749 25061 5751 25063
5752 25065 5752 25065
5753 25068 5754 25069
5755 25071 5755 25071
5756 25074 5756 25074
5757 25076 5757 25076
5758 25078 5760 25080
5761 25082 5761 25082
5762 25084 5767 25089
5768 25091 5769 25092
5770 25095 5773 25098
5774 25100 5776 25102
5777 25104 5783 25110
5784 25114 5793 25123
5794 25126 5795 25127
5796 25129 5798 25131
5799 25134 5801 25136
5802 25138 5804 25140
5805 25144 5806 25145
5807 25147 5807 25147
5808 25149 5808 25149
5809 25151 5814 25156
5815 25158 5818 25161
5819 25163 5822 25166
5823 25168 5829 25174
5830 25176 5830 25176
5831 25178 5833 25180
5834 25182 5834 25182
5835 25184 5835 25184
5836 25187 5837 25188
5838 25192 5838 25192
5839 25197 5841 25199
5842 25201 5842 25201
5843 25203 5843 25203
5844 25206 5844 25206
5845 25209 5846 25210
5847 25212 5851 25216
5852 25218 5854 25220
5855 25225 5856 25226
5857 25229 5868 25240
5869 25243 5870 25244
5871 25246 5871 25246
5872 25254 5872 25254
5873 25256 5873 25256
5874 25259 5875 25260
5876 25265 5876 25265
5877 25267 5877 25267
5878 25269 5880 25271
5881 25273 5887 25279
5888 25282 5888 25282
5889 25284 5895 25290
5896 25292 5913 25309
5914 25312 5915 25313
5916 25322 5916 25322
5917 25324 5920 25327
5921 25329 5927 25335
5928 25340 5931 25343
5932 25345 5935 25348
5936 25351 5942 25357
5943 25360 5944 25361
5945 25363 5945 25363
5946 25366 5946 25366
5947 25368 5948 25369
5949 25375 5949 25375
5950 25383 5954 25387
5955 25389 5955 25389
5956 25391 5956 25391
5957 25397 5958 25398
5959 25401 5960 25402
5961 25404 5964 25407
5965 25409 5968 25412
5969 25414 5969 25414
5970 25417 5977 25424
5978 25426 5981 25429
5982 25431 5983 25432
5984 25435 5985 25436
5986 25445 5990 25449
5991 25451 5994 25454
5995 25457 5996 25458
5997 25460 6001 25464
6002 25466 6005 25469
6006 25471 6007 25472
6008 25474 6010 25476
6011 25479 6014 25482
6015 25484 6015 25484
6016 25486 6018 25488
6019 25490 6019 25490
6020 25492 6022 25494
6023 25496 6026 25499
6027 25502 6044 25519
6045 25522 6045 25522
6046 25524 6047 25525
6048 25531 6048 25531
6049 25533 6050 25534
6051 25536 6052 25537
6053 25539 6056 25542
6057 25544 6058 25545
6059 25550 6067 25558
6068 25562 6070 25564
6071 25568 6072 25569
6073 25571 6073 25571
6074 25573 6074 25573
6075 25577 6076 25578
6077 25580 6077 25580
6078 25582 6078 25582
6079 25586 6083 25590
6084 25592 6086 25594
6087 25606 6087 25606
6088 25609 6089 25610
6090 25613 6090 25613
6091 25615 6092 25616
6093 25618 6095 25620
6096 25622 6098 25624
6099 25628 6099 25628
6100 25630 6100 25630
6101 25632 6101 25632
6102 25634 6102 25634
6103 25636 6105 25638
6106 25640 6108 25642
6109 25644 6110 25645
6111 25647 6112 25648
6113 25652 6115 25654
6116 25658 6116 25658
6117 25661 6119 25663
6120 25666 6120 25666
6121 25675 6121 25675
6122 25678 6123 25679
6124 25681 6127 25684
6128 25688 6128 25688
6129 25690 6132 25693
6133 25695 6135 25697
6136 25699 6136 25699
6137 25703 6137 25703
6138 25705 6138 25705
6139 25709 6139 25709
6140 25711 6140 25711
6141 25715 6142 25716
6143 25718 6143 25718
6144 25720 6144 25720
6145 25722 6146 25723
6147 25725 6147 25725
6148 25731 6148 25731
6149 25733 6149 25733
6150 25735 6151 25736
6152 25743 6156 25747
6157 25749 6157 25749
6158 25752 6161 25755
6162 25757 6164 25759
6165 25761 6165 25761
6166 25763 6169 25766
6170 25768 6171 25769
6172 25771 6175 25774
6176 25776 6176 25776
6177 25778 6178 25779
6179 25785 6179 25785
6180 25787 6184 25791
6185 25793 6186 25794
6187 25796 6188 25797
6189 25799 6189 25799
6190 25801 6195 25806
6196 25808 6198 25810
6199 25812 6200 25813
6201 25815 6202 25816
6203 25818 6203 25818
6204 25824 6211 25831
6212 25833 6213 25834
6214 25836 6215 25837
6216 25839 6219 25842
6220 25844 6223 25847
6224 25850 6225 25851
6226 25853 6230 25857
6231 25860 6232 25861
6233 25864 6235 25866
6236 25871 6236 25871
6237 25875 6238 25876
6239 25878 6239 25878
6240 25880 6241 25881
6242 25883 6246 25887
6247 25890 6249 25892
6250 25894 6250 25894
6251 25897 6254 25900
6255 25902 6256 25903
6257 25905 6257 25905
6258 25908 6269 25919
6270 25923 6270 25923
6271 25925 6271 25925
6272 25927 6274 25929
6275 25933 6280 25938
6281 25940 6286 25945
6287 25949 6290 25952
6291 25954 6292 25955
6293 25958 6294 25959
6295 25963 6296 25964
6297 25968 6297 25968
6298 25970 6298 25970
6299 25972 6300 25973
6301 25975 6302 25976
6303 25978 6303 25978
6304 25981 6304 25981
6305 25985 6307 25987
6308 25989 6308 25989
6309 25991 6312 25994
6313 25996 6313 25996
6314 25998 6314 25998
6315 26000 6317 26002
6318 26005 6318 26005
6319 26007 6321 26009
6322 26011 6324 26013
6325 26015 6327 26017
6328 26019 6332 26023
6333 26027 6338 26032
6339 26034 6341 26036
6342 26039 6342 26039
6343 26041 6343 26041
6344 26044 6345 26045
6346 26047 6346 26047
6347 26049 6352 26054
6353 26056 6354 26057
6355 26059 6356 26060
6357 26062 6359 26064
6360 26066 6360 26066
6361 26068 6361 26068
6362 26070 6365 26073
6366 26075 6366 26075
6367 26079 6370 26082
6371 26085 6375 26089
6376 26092 6377 26093
6378 26096 6380 26098
6381 26100 6382 26101
6383 26105 6385 26107
6386 26110 6388 26112
6389 26114 6391 26116
6392 26118 6396 26122
6397 26124 6400 26127
6401 26129 6406 26134
6407 26140 6428 26161
6429 26163 6433 26167
6434 26169 6434 26169
6435 26171 6436 26172
6437 26175 6444 26182
6445 26185 6448 26188
6449 26190 6450 26191
6451 26193 6452 26194
6453 26199 6455 26201
6456 26203 6463 26210
6464 26212 6472 26220
6473 26222 6475 26224
6476 26227 6485 26236
6486 26238 6489 26241
6490 26243 6491 26244
6492 26247 6494 26249
6495 26251 6498 26254
6499 26256 6501 26258
6502 26262 6509 26269
6510 26271 6511 26272
6512 26274 6512 26274
6513 26276 6513 26276
6514 26278 6514 26278
6515 26283 6515 26283
6516 26285 6517 26286
6518 26289 6519 26290
6520 26292 6521 26293
6522 26296 6523 26297
6524 26299 6525 26300
6526 26302 6532 26308
6533 26311 6535 26313
6536 26316 6536 26316
6537 26318 6538 26319
6539 26324 6539 26324
6540 26326 6540 26326
6541 26329 6545 26333
6546 26335 6547 26336
6548 26342 6548 26342
6549 26344 6550 26345
6551 26347 6552 26348
6553 26350 6553 26350
6554 26352 6554 26352
6555 26354 6558 26357
6559 26359 6568 26368
6569 26371 6569 26371
6570 26373 6570 26373
6571 26375 6573 26377
6574 26379 6574 26379
6575 26381 6577 26383
6578 26387 6582 26391
6583 26393 6583 26393
6584 26395 6589 26400
6590 26402 6590 26402
6591 26406 6593 26408
6594 26410 6598 26414
6599 26417 6599 26417
6600 26419 6601 26420
6602 26422 6604 26424
6605 26426 6605 26426
6606 26429 6608 26431
6609 26433 6609 26433
6610 26437 6614 26441
6615 26444 6615 26444
6616 26446 6619 26449
6620 26451 6623 26454
6624 26457 6624 26457
6625 26460 6635 26470
6636 26474 6636 26474
6637 26476 6648 26487
6649 26491 6650 26492
6651 26494 6652 26495
6653 26497 6653 26497
6654 26500 6655 26501
6656 26503 6656 26503
6657 26505 6657 26505
6658 26507 6659 26508
6660 26510 6663 26513
6664 26515 6664 26515
6665 26517 6673 26525
6674 26528 6676 26530
6677 26534 6677 26534
6678 26537 6678 26537
6679 26543 6689 26553
6690 26555 6692 26557
6693 26560 6699 26566
6700 26568 6702 26570
6703 26574 6709 26580
6710 26583 6713 26586
6714 26588 6716 26590
6717 26593 6718 26594
6719 26596 6719 26596
6720 26598 6721 26599
6722 26601 6722 26601
6723 26604 6723 26604
6724 26606 6733 26615
6734 26617 6734 26617
6735 26619 6735 26619
6736 26622 6737 26623
6738 26625 6741 26628
6742 26643 6743 26644
6744 26646 6745 26647
6746 26649 6746 26649
6747 26653 6749 26655
6750 26657 6751 26658
6752 26663 6758 26669
6759 26671 6764 26676
6765 26680 6766 26681
6767 26683 6769 26685
6770 26687 6777 26694
6778 26696 6778 26696
6779 26698 6779 26698
6780 26700 6782 26702
6783 26704 6788 26709
6789 26711 6791 26713
6792 26715 6794 26717
6795 26719 6795 26719
6796 26723 6796 26723
6797 26727 6797 26727
6798 26731 6798 26731
6799 26734 6803 26738
6804 26740 6807 26743
6808 26745 6811 26748
6812 26750 6813 26751
6814 26753 6819 26758
6820 26760 6820 26760
6821 26765 6821 26765
6822 26767 6822 26767
6823 26771 6824 26772
6825 26774 6827 26776
6828 26778 6831 26781
6832 26783 6836 26787
6837 26789 6842 26794
6843 26797 6849 26803
6850 26805 6851 26806
6852 26809 6855 26812
6856 26820 6858 26822
6859 26824 6864 26829
6865 26831 6876 26842
6877 26844 6878 26845
6879 26847 6881 26849
6882 26851 6882 26851
6883 26853 6883 26853
6884 26855 6885 26856
6886 26858 6894 26866
6895 26869 6896 26870
6897 26873 6901 26877
6902 26880 6903 26881
6904 26884 6906 26886
6907 26888 6918 26899
6919 26902 6920 26903
6921 26905 6924 26908
6925 26913 6927 26915
6928 26917 6929 26918
6930 26920 6930 26920
6931 26922 6931 26922
6932 26928 6933 26929
6934 26931 6937 26934
6938 26936 6939 26937
6940 26939 6940 26939
6941 26941 6941 26941
6942 26943 6942 26943
6943 26946 6943 26946
6944 26949 6944 26949
6945 26953 6946 26954
6947 26958 6947 26958
6948 26963 6950 26965
6951 26967 6951 26967
6952 26969 6957 26974
6958 26976 6964 26982
6965 26984 6978 26997
6979 26999 6990 27010
6991 27018 6991 27018
6992 27021 6993 27022
6994 27025 6995 27026
6996 27028 6998 27030
6999 27032 6999 27032
7000 27035 7001 27036
7002 27040 7003 27041
7004 27045 7007 27048
7008 27051 7008 27051
7009 27053 7011 27055
7012 27057 7013 27058
7014 27060 7014 27060
7015 27063 7016 27064
7017 27066 7019 27068
7020 27070 7021 27071
7022 27073 7022 27073
7023 27075 7023 27075
7024 27077 7024 27077
7025 27079 7026 27080
7027 27082 7031 27086
7032 27088 7033 27089
7034 27091 7034 27091
7035 27094 7038 27097
7039 27101 7040 27102
7041 27106 7041 27106
7042 27109 7042 27109
7043 27111 7044 27112
7045 27115 7045 27115
7046 27117 7048 27119
7049 27121 7051 27123
7052 27125 7052 27125
7053 27129 7053 27129
7054 27131 7054 27131
7055 27133 7061 27139
7062 27141 7062 27141
7063 27146 7065 27148
7066 27151 7066 27151
7067 27153 7071 27157
7072 27159 7072 27159
7073 27161 7075 27163
7076 27165 7083 27172
7084 27176 7087 27179
7088 27182 7088 27182
7089 27184 7089 27184
7090 27186 7090 27186
7091 27188 7098 27195
7099 27197 7101 27199
7102 27204 7109 27211
7110 27214 7110 27214
7111 27216 7113 27218
7114 27221 7115 27222
7116 27224 7117 27225
7118 27227 7118 27227
7119 27231 7119 27231
7120 27233 7121 27234
7122 27236 7122 27236
7123 27238 7124 27239
7125 27242 7126 27243
7127 27249 7129 27251
7130 27256 7130 27256
7131 27262 7134 27265
7135 27267 7136 27268
7137 27270 7138 27271
7139 27273 7139 27273
7140 27275 7140 27275
7141 27277 7142 27278
7143 27280 7144 27281
7145 27287 7145 27287
7146 27291 7151 27296
7152 27298 7153 27299
7154 27301 7154 27301
7155 27306 7157 27308
7158 27310 7161 27313
7162 27315 7163 27316
7164 27320 7164 27320
7165 27323 7165 27323
7166 27325 7168 27327
7169 27329 7171 27331
7172 27334 7172 27334
7173 27336 7174 27337
7175 27340 7175 27340
7176 27344 7177 27345
7178 27347 7181 27350
7182 27354 7187 27359
7188 27362 7188 27362
7189 27364 7189 27364
7190 27367 7191 27368
7192 27370 7192 27370
7193 27372 7193 27372
7194 27376 7196 27378
7197 27386 7200 27389
7201 27394 7206 27399
7207 27401 7208 27402
7209 27407 7212 27410
7213 27414 7214 27415
7215 27419 7215 27419
7216 27421 7220 27425
7221 27427 7222 27428
7223 27431 7224 27432
7225 27435 7226 27436
7227 27439 7227 27439
7228 27442 7228 27442
7229 27445 7235 27451
7236 27453 7238 27455
7239 27459 7239 27459
7240 27462 7241 27463
7242 27465 7243 27466
7244 27468 7246 27470
7247 27472 7247 27472
7248 27474 7250 27476
7251 27478 7251 27478
7252 27480 7253 27481
7254 27483 7254 27483
7255 27485 7255 27485
7256 27487 7261 27492
7262 27494 7263 27495
7264 27497 7266 27499
7267 27502 7269 27504
7270 27507 7272 27509
7273 27512 7274 27513
7275 27515 7275 27515
7276 27517 7279 27520
7280 27522 7284 27526
7285 27529 7287 27531
7288 27533 7288 27533
7289 27541 7292 27544
7293 27547 7293 27547
7294 27550 7296 27552
7297 27554 7299 27556
7300 27560 7313 27573
7314 27575 7323 27584
7324 27587 7327 27590
7328 27593 7328 27593
7329 27595 7332 27598
7333 27602 7335 27604
7336 27606 7336 27606
7337 27608 7337 27608
7338 27610 7339 27611
7340 27615 7340 27615
7341 27617 7341 27617
7342 27619 7342 27619
7343 27622 7344 27623
7345 27627 7346 27628
7347 27630 7348 27631
7349 27633 7349 27633
7350 27635 7350 27635
7351 27639 7351 27639
7352 27641 7352 27641
7353 27647 7353 27647
7354 27650 7354 27650
7355 27652 7356 27653
7357 27656 7358 27657
7359 27661 7366 27668
7367 27671 7367 27671
7368 27673 7368 27673
7369 27675 7369 27675
7370 27679 7370 27679
7371 27683 7372 27684
7373 27686 7375 27688
7376 27692 7376 27692
7377 27694 7377 27694
7378 27699 7383 27704
7384 27706 7385 27707
7386 27710 7390 27714
7391 27722 7392 27723
7393 27725 7396 27728
7397 27730 7397 27730
7398 27732 7399 27733
7400 27735 7400 27735
7401 27737 7408 27744
7409 27746 7409 27746
7410 27751 7411 27752
7412 27754 7413 27755
7414 27757 7414 27757
7415 27759 7416 27760
7417 27762 7419 27764
7420 27766 7420 27766
7421 27768 7424 27771
7425 27773 7426 27774
7427 27777 7429 27779
7430 27781 7434 27785
7435 27788 7436 27789
7437 27792 7437 27792
7438 27794 7448 27804
7449 27807 7449 27807
7450 27809 7451 27810
7452 27819 7452 27819
7453 27822 7453 27822
7454 27824 7458 27828
7459 27832 7466 27839
7467 27841 7468 27842
7469 27844 7471 27846
7472 27849 7473 27850
7474 27852 7475 27853
7476 27855 7484 27863
7485 27865 7489 27869
7490 27872 7493 27875
7494 27877 7494 27877
7495 27879 7500 27884
7501 27886 7507 27892
7508 27908 7508 27908
7509 27911 7509 27911
7510 27914 7512 27916
7513 27918 7514 27919
7515 27921 7517 27923
7518 27927 7518 27927
7519 27929 7521 27931
7522 27934 7523 27935
7524 27941 7530 27947
7531 27950 7532 27951
7533 27953 7535 27955
7536 27957 7537 27958
7538 27960 7539 27961
7540 27963 7544 27967
7545 27969 7545 27969
7546 27972 7547 27973
7548 27991 7548 27991
7549 27993 7550 27994
7551 27996 7551 27996
7552 27998 7553 27999
7554 28001 7554 28001
7555 28003 7559 28007
7560 28009 7561 28010
7562 28012 7562 28012
7563 28014 7565 28016
7566 28020 7566 28020
7567 28023 7569 28025
7570 28028 7570 28028
7571 28034 7571 28034
7572 28037 7572 28037
7573 28039 7574 28040
7575 28044 7575 28044
7576 28046 7576 28046
7577 28049 7585 28057
7586 28059 7587 28060
7588 28074 7588 28074
7589 28076 7589 28076
7590 28079 7590 28079
7591 28082 7591 28082
7592 28084 7593 28085
7594 28087 7596 28089
7597 28092 7598 28093
7599 28095 7600 28096
7601 28100 7605 28104
7606 28106 7608 28108
7609 28110 7610 28111
7611 28113 7612 28114
7613 28117 7614 28118
7615 28120 7616 28121
7617 28123 7617 28123
7618 28125 7623 28130
7624 28132 7626 28134
7627 28136 7631 28140
7632 28142 7646 28156
7647 28160 7647 28160
7648 28164 7649 28165
7650 28167 7654 28171
7655 28179 7655 28179
7656 28181 7656 28181
7657 28185 7659 28187
7660 28189 7670 28199
7671 28201 7671 28201
7672 28203 7676 28207
7677 28210 7677 28210
7678 28214 7678 28214
7679 28216 7683 28220
7684 28222 7684 28222
7685 28227 7687 28229
7688 28232 7691 28235
7692 28237 7694 28239
7695 28241 7698 28244
7699 28246 7701 28248
7702 28251 7706 28255
7707 28258 7708 28259
7709 28263 7710 28264
7711 28267 7711 28267
7712 28270 7713 28271
7714 28274 7715 28275
7716 28278 7716 28278
7717 28283 7717 28283
7718 28285 7721 28288
7722 28290 7722 28290
7723 28300 7724 28301
7725 28303 7726 28304
7727 28307 7727 28307
7728 28310 7728 28310
7729 28312 7730 28313
7731 28316 7732 28317
7733 28319 7734 28320
7735 28322 7735 28322
7736 28325 7736 28325
7737 28327 7737 28327
7738 28330 7738 28330
7739 28333 7741 28335
7742 28337 7744 28339
7745 28342 7746 28343
7747 28346 7748 28347
7749 28349 7749 28349
7750 28351 7756 28357
7757 28359 7765 28367
7766 28369 7766 28369
7767 28371 7769 28373
7770 28381 7771 28382
7772 28395 7776 28399
7777 28402 7777 28402
7778 28404 7778 28404
7779 28407 7781 28409
7782 28411 7782 28411
7783 28413 7785 28415
7786 28417 7787 28418
7788 28420 7788 28420
7789 28422 7789 28422
7790 28424 7792 28426
7793 28428 7794 28429
7795 28431 7795 28431
7796 28433 7796 28433
7797 28435 7800 28438
7801 28440 7801 28440
7802 28442 7803 28443
7804 28448 7804 28448
7805 28450 7806 28451
7807 28454 7807 28454
7808 28457 7812 28461
7813 28463 7817 28467
7818 28470 7818 28470
7819 28472 7819 28472
7820 28475 7821 28476
7822 28478 7823 28479
7824 28481 7824 28481
7825 28485 7825 28485
7826 28495 7826 28495
7827 28497 7830 28500
7831 28503 7839 28511
7840 28513 7841 28514
7842 28516 7842 28516
7843 28518 7843 28518
7844 28520 7844 28520
7845 28524 7849 28528
7850 28532 7850 28532
7851 28536 7851 28536
7852 28538 7852 28538
7853 28540 7855 28542
7856 28544 7860 28548
7861 28550 7863 28552
7864 28555 7867 28558
7868 28560 7872 28564
7873 28566 7874 28567
7875 28570 7875 28570
7876 28575 7878 28577
7879 28579 7884 28584
7885 28586 7885 28586
7886 28590 7889 28593
7890 28595 7890 28595
7891 28597 7892 28598
7893 28601 7893 28601
7894 28604 7894 28604
7895 28608 7898 28611
7899 28613 7902 28616
7903 28618 7903 28618
7904 28628 7905 28629
7906 28632 7906 28632
7907 28634 7908 28635
7909 28638 7912 28641
7913 28644 7913 28644
7914 28648 7915 28649
7916 28651 7917 28652
7918 28654 7921 28657
7922 28659 7922 28659
7923 28661 7924 28662
7925 28665 7926 28666
7927 28668 7929 28670
7930 28672 7931 28673
7932 28677 7934 28679
7935 28681 7935 28681
7936 28683 7936 28683
7937 28685 7937 28685
7938 28687 7938 28687
7939 28689 7939 28689
7940 28693 7940 28693
7941 28695 7942 28696
7943 28698 7944 28699
7945 28701 7948 28704
7949 28707 7949 28707
7950 28710 7952 28712
7953 28716 7953 28716
7954 28719 7955 28720
7956 28722 7956 28722
7957 28724 7957 28724
7958 28727 7958 28727
7959 28729 7959 28729
7960 28732 7960 28732
7961 28734 7961 28734
7962 28739 7963 28740
7964 28744 7968 28748
7969 28750 7969 28750
7970 28753 7970 28753
7971 28756 7972 28757
7973 28760 7973 28760
7974 28765 7975 28766
7976 28771 7978 28773
7979 28779 7980 28780
7981 28782 7983 28784
7984 28789 7985 28790
7986 28792 7986 28792
7987 28796 7989 28798
7990 28801 7990 28801
7991 28805 7992 28806
7993 28809 7994 28810
7995 28814 7995 28814
7996 28818 7996 28818
7997 28820 8002 28825
8003 28827 8003 28827
8004 28836 8004 28836
8005 28843 8011 28849
8012 28851 8013 28852
8014 28855 8018 28859
8019 28872 8019 28872
8020 28874 8021 28875
8022 28879 8022 28879
8023 28881 8023 28881
8024 28883 8027 28886
8028 28888 8029 28889
8030 28892 8031 28893
8032 28895 8032 28895
8033 28900 8033 28900
8034 28913 8034 28913
8035 28921 8036 28922
8037 28925 8037 28925
8038 28931 8042 28935
8043 28937 8043 28937
8044 28939 8045 28940
8046 28943 8046 28943
8047 28948 8047 28948
8048 28953 8049 28954
8050 28956 8050 28956
8051 28958 8051 28958
8052 28960 8053 28961
8054 28966 8054 28966
8055 28971 8055 28971
8056 28973 8056 28973
8057 28975 8059 28977
8060 28982 8060 28982
8061 28984 8061 28984
8062 28988 8062 28988
8063 28993 8063 28993
8064 28997 8066 28999
8067 29001 8070 29004
8071 29006 8071 29006
8072 29008 8072 29008
8073 29010 8073 29010
8074 29013 8076 29015
8077 29017 8078 29018
8079 29020 8079 29020
8080 29022 8080 29022
8081 29024 8081 29024
8082 29026 8082 29026
8083 29028 8088 29033
8089 29036 8089 29036
8090 29038 8090 29038
8091 29049 8091 29049
8092 29053 8092 29053
8093 29056 8093 29056
8094 29060 8095 29061
8096 29063 8097 29064
8098 29066 8098 29066
8099 29068 8099 29068
8100 29071 8100 29071
8101 29074 8101 29074
8102 29076 8103 29077
8104 29081 8106 29083
8107 29087 8108 29088
8109 29090 8109 29090
8110 29096 8110 29096
8111 29100 8111 29100
8112 29103 8116 29107
8117 29113 8118 29114
8119 29118 8122 29121
8123 29123 8124 29124
8125 29128 8126 29129
8127 29131 8128 29132
8129 29134 8129 29134
8130 29136 8130 29136
8131 29138 8136 29143
8137 29145 8138 29146
8139 29148 8139 29148
8140 29151 8141 29152
8142 29157 8144 29159
8145 29164 8147 29166
8148 29173 8148 29173
8149 29176 8150 29177
8151 29179 8152 29180
8153 29182 8155 29184
8156 29190 8159 29193
8160 29197 8160 29197
8161 29200 8161 29200
8162 29203 8162 29203
8163 29207 8163 29207
8164 29210 8165 29211
8166 29213 8166 29213
8167 29215 8167 29215
8168 29220 8168 29220
8169 29224 8169 29224
8170 29226 8173 29229
8174 29231 8175 29232
8176 29234 8176 29234
8177 29236 8179 29238
8180 29240 8191 29251
8192 29253 8195 29256
8196 29259 8197 29260
8198 29262 8200 29264
8201 29266 8202 29267
8203 29269 8204 29270
8205 29272 8216 29283
8217 29287 8219 29289
8220 29291 8220 29291
8221 29294 8222 29295
8223 29297 8224 29298
8225 29300 8225 29300
8226 29303 8228 29305
8229 29307 8236 29314
8237 29316 8237 29316
8238 29319 8238 29319
8239 29321 8239 29321
8240 29325 8241 29326
8242 29330 8243 29331
8244 29334 8244 29334
8245 29339 8245 29339
8246 29344 8246 29344
8247 29346 8247 29346
8248 29351 8249 29352
8250 29356 8253 29359
8254 29361 8255 29362
8256 29364 8256 29364
8257 29366 8257 29366
8258 29369 8258 29369
8259 29374 8259 29374
8260 29377 8263 29380
8264 29382 8265 29383
8266 29385 8266 29385
8267 29388 8267 29388
8268 29390 8268 29390
8269 29392 8269 29392
8270 29394 8270 29394
8271 29397 8275 29401
8276 29403 8276 29403
8277 29407 8280 29410
8281 29413 8281 29413
8282 29417 8282 29417
8283 29420 8284 29421
8285 29427 8286 29428
8287 29431 8294 29438
8295 29442 8295 29442
8296 29444 8297 29445
8298 29447 8298 29447
8299 29450 8300 29451
8301 29453 8301 29453
8302 29458 8303 29459
8304 29462 8307 29465
8308 29467 8312 29471
8313 29474 8313 29474
8314 29476 8315 29477
8316 29479 8321 29484
8322 29486 8323 29487
8324 29489 8325 29490
8326 29492 8329 29495
8330 29498 8331 29499
8332 29501 8334 29503
8335 29507 8337 29509
8338 29517 8341 29520
8342 29522 8342 29522
8343 29526 8345 29528
8346 29533 8349 29536
8350 29539 8350 29539
8351 29542 8357 29548
8358 29550 8362 29554
8363 29557 8363 29557
8364 29559 8369 29564
8370 29568 8371 29569
8372 29571 8376 29575
8377 29577 8377 29577
8378 29579 8378 29579
8379 29582 8379 29582
8380 29584 8380 29584
8381 29587 8381 29587
8382 29589 8385 29592
8386 29596 8386 29596
8387 29598 8389 29600
8390 29602 8390 29602
8391 29605 8392 29606
8393 29609 8395 29611
8396 29613 8396 29613
8397 29618 8398 29619
8399 29621 8399 29621
8400 29623 8400 29623
8401 29625 8401 29625
8402 29627 8404 29629
8405 29631 8406 29632
8407 29634 8407 29634
8408 29637 8409 29638
8410 29640 8417 29647
8418 29650 8419 29651
8420 29654 8420 29654
8421 29657 8421 29657
8422 29661 8423 29662
8424 29664 8425 29665
8426 29667 8426 29667
8427 29669 8429 29671
8430 29673 8431 29674
8432 29677 8433 29678
8434 29681 8434 29681
8435 29684 8436 29685
8437 29687 8441 29691
8442 29693 8446 29697
8447 29699 8451 29703
8452 29705 8453 29706
8454 29713 8454 29713
8455 29722 8456 29723
8457 29730 8457 29730
8458 29732 8460 29734
8461 29736 8475 29750
8476 29753 8477 29754
8478 29759 8480 29761
8481 29763 8482 29764
8483 29766 8484 29767
8485 29771 8485 29771
8486 29773 8486 29773
8487 29777 8488 29778
8489 29781 8489 29781
8490 29783 8490 29783
8491 29785 8498 29792
8499 29794 8501 29796
8502 29798 8507 29803
8508 29805 8514 29811
8515 29814 8515 29814
8516 29822 8516 29822
8517 29824 8518 29825
8519 29827 8519 29827
8520 29829 8522 29831
8523 29833 8523 29833
8524 29835 8524 29835
8525 29839 8528 29842
8529 29848 8531 29850
8532 29852 8532 29852
8533 29854 8538 29859
8539 29862 8544 29867
8545 29870 8549 29874
8550 29877 8550 29877
8551 29881 8551 29881
8552 29883 8552 29883
8553 29885 8553 29885
8554 29887 8554 29887
8555 29896 8557 29898
8558 29900 8558 29900
8559 29903 8560 29904
8561 29907 8562 29908
8563 29912 8563 29912
8564 29914 8566 29916
8567 29918 8569 29920
8570 29922 8572 29924
8573 29926 8578 29931
8579 29934 8583 29938
8584 29940 8584 29940
8585 29942 8587 29944
8588 29946 8590 29948
8591 29951 8591 29951
8592 29953 8592 29953
8593 29955 8596 29958
8597 29964 8599 29966
8600 29969 8602 29971
8603 29973 8606 29976
8607 29978 8607 29978
8608 29980 8608 29980
8609 29982 8612 29985
8613 29987 8622 29996
8623 29999 8627 30003
8628 30006 8638 30016
8639 30019 8640 30020
8641 30022 8653 30034
8654 30036 8654 30036
8655 30039 8655 30039
8656 30041 8665 30050
8666 30052 8669 30055
8670 30057 8672 30059
8673 30061 8673 30061
8674 30063 8676 30065
8677 30067 8678 30068
8679 30070 8688 30079
8689 30081 8690 30082
8691 30085 8693 30087
8694 30089 8696 30091
8697 30094 8704 30101
8705 30105 8706 30106
8707 30108 8708 30109
8709 30114 8712 30117
8713 30123 8713 30123
8714 30129 8718 30133
8719 30136 8721 30138
8722 30140 8733 30151
8734 30154 8734 30154
8735 30156 8738 30159
8739 30162 8739 30162
8740 30164 8741 30165
8742 30167 8744 30169
8745 30171 8746 30172
8747 30174 8753 30180
8754 30183 8754 30183
8755 30185 8755 30185
8756 30188 8756 30188
8757 30190 8763 30196
8764 30201 8765 30202
8766 30204 8766 30204
8767 30206 8773 30212
8774 30215 8780 30221
8781 30223 8781 30223
8782 30226 8783 30227
8784 30229 8785 30230
8786 30233 8786 30233
8787 30235 8799 30247
8800 30249 8800 30249
8801 30253 8801 30253
8802 30256 8802 30256
8803 30258 8806 30261
8807 30264 8811 30268
8812 30272 8824 30284
8825 30290 8825 30290
8826 30293 8827 30294
8828 30296 8829 30297
8830 30300 8830 30300
8831 30303 8831 30303
8832 30305 8833 30306
8834 30308 8835 30309
8836 30311 8839 30314
8840 30316 8846 30322
8847 30324 8847 30324
8848 30326 8848 30326
8849 30328 8849 30328
8850 30330 8854 30334
8855 30336 8863 30344
8864 30347 8867 30350
8868 30352 8868 30352
8869 30355 8869 30355
8870 30357 8871 30358
8872 30361 8879 30368
8880 30370 8886 30376
8887 30378 8887 30378
8888 30381 8889 30382
8890 30384 8890 30384
8891 30388 8891 30388
8892 30391 8895 30394
8896 30397 8896 30397
8897 30399 8897 30399
8898 30401 8900 30403
8901 30405 8902 30406
8903 30408 8909 30414
8910 30418 8910 30418
8911 30420 8911 30420
8912 30422 8913 30423
8914 30425 8914 30425
8915 30427 8916 30428
8917 30430 8920 30433
8921 30435 8926 30440
8927 30442 8927 30442
8928 30444 8928 30444
8929 30446 8929 30446
8930 30448 8932 30450
8933 30452 8933 30452
8934 30454 8934 30454
8935 30456 8936 30457
8937 30459 8938 30460
8939 30462 8939 30462
8940 30464 8941 30465
8942 30468 8942 30468
8943 30470 8949 30476
8950 30478 8950 30478
8951 30482 8951 30482
8952 30484 8953 30485
8954 30487 8954 30487
8955 30489 8958 30492
8959 30494 8961 30496
8962 30498 8962 30498
8963 30500 8965 30502
8966 30504 8967 30505
8968 30509 8970 30511
8971 30516 8977 30522
8978 30524 8980 30526
8981 30528 8981 30528
8982 30530 8982 30530
8983 30533 8985 30535
8986 30538 8986 30538
8987 30541 8989 30543
8990 30546 8990 30546
8991 30550 8992 30551
8993 30554 8995 30556
8996 30558 9006 30568
9007 30570 9009 30572
9010 30576 9010 30576
9011 30578 9013 30580
9014 30585 9015 30586
9016 30589 9019 30592
9020 30596 9020 30596
9021 30603 9024 30606
9025 30609 9025 30609
9026 30612 9028 30614
9029 30618 9029 30618
9030 30622 9032 30624
9033 30626 9033 30626
9034 30629 9034 30629
9035 30631 9035 30631
9036 30634 9036 30634
9037 30636 9042 30641
9043 30643 9043 30643
9044 30645 9045 30646
9046 30649 9046 30649
9047 30651 9051 30655
9052 30659 9052 30659
9053 30663 9053 30663
9054 30665 9054 30665
9055 30669 9055 30669
9056 30673 9057 30674
9058 30677 9058 30677
9059 30679 9059 30679
9060 30681 9063 30684
9064 30686 9066 30688
9067 30690 9072 30695
9073 30697 9074 30698
9075 30700 9080 30705
9081 30707 9082 30708
9083 30712 9083 30712
9084 30715 9085 30716
9086 30722 9086 30722
9087 30725 9088 30726
9089 30729 9089 30729
9090 30732 9092 30734
9093 30737 9094 30738
9095 30740 9096 30741
9097 30749 9097 30749
9098 30752 9101 30755
9102 30757 9104 30759
9105 30765 9106 30766
9107 30768 9107 30768
9108 30770 9108 30770
9109 30772 9110 30773
9111 30775 9111 30775
9112 30778 9112 30778
9113 30783 9113 30783
9114 30787 9116 30789
9117 30791 9118 30792
9119 30796 9119 30796
9120 30798 9120 30798
9121 30802 9121 30802
9122 30812 9124 30814
9125 30816 9126 30817
9127 30819 9128 30820
9129 30824 9129 30824
9130 30826 9132 30828
9133 30830 9134 30831
9135 30834 9135 30834
9136 30836 9136 30836
9137 30842 9137 30842
9138 30844 9138 30844
9139 30846 9139 30846
9140 30849 9140 30849
9141 30854 9142 30855
9143 30858 9143 30858
9144 30860 9147 30863
9148 30865 9148 30865
9149 30867 9151 30869
9152 30871 9153 30872
9154 30874 9154 30874
9155 30877 9157 30879
9158 30881 9158 30881
9159 30883 9160 30884
9161 30887 9164 30890
9165 30892 9166 30893
9167 30895 9171 30899
9172 30901 9172 30901
9173 30906 9178 30911
9179 30913 9179 30913
9180 30917 9187 30924
9188 30926 9188 30926
9189 30928 9195 30934
9196 30938 9197 30939
9198 30943 9200 30945
9201 30948 9201 30948
9202 30950 9204 30952
9205 30954 9205 30954
9206 30956 9206 30956
9207 30959 9207 30959
9208 30962 9210 30964
9211 30966 9212 30967
9213 30970 9214 30971
9215 30973 9215 30973
9216 30975 9218 30977
9219 30982 9220 30983
9221 30988 9221 30988
9222 30990 9222 30990
9223 30992 9225 30994
9226 31001 9227 31002
9228 31004 9228 31004
9229 31006 9231 31008
9232 31013 9234 31015
9235 31017 9239 31021
9240 31024 9241 31025
9242 31028 9243 31029
9244 31034 9251 31041
9252 31044 9259 31051
9260 31055 9262 31057
9263 31059 9268 31064
9269 31066 9275 31072
9276 31074 9276 31074
9277 31077 9277 31077
9278 31079 9280 31081
9281 31083 9281 31083
9282 31085 9282 31085
9283 31090 9283 31090
9284 31095 9284 31095
9285 31097 9288 31100
9289 31102 9292 31105
9293 31108 9294 31109
9295 31114 9300 31119
9301 31121 9301 31121
9302 31123 9305 31126
9306 31128 9306 31128
9307 31131 9309 31133
9310 31137 9310 31137
9311 31142 9316 31147
9317 31150 9320 31153
9321 31155 9322 31156
9323 31160 9326 31163
9327 31165 9332 31170
9333 31172 9333 31172
9334 31175 9338 31179
9339 31183 9339 31183
9340 31185 9341 31186
9342 31188 9344 31190
9345 31192 9345 31192
9346 31194 9346 31194
9347 31197 9357 31207
9358 31209 9362 31213
9363 31216 9364 31217
9365 31224 9365 31224
9366 31227 9367 31228
9368 31232 9368 31232
9369 31234 9370 31235
9371 31239 9378 31246
9379 31249 9379 31249
9380 31252 9381 31253
9382 31255 9387 31260
9388 31262 9391 31265
9392 31271 9392 31271
9393 31275 9393 31275
9394 31277 9399 31282
9400 31284 9401 31285
9402 31287 9411 31296
9412 31298 9419 31305
9420 31308 9424 31312
9425 31317 9427 31319
9428 31321 9428 31321
9429 31324 9430 31325
9431 31327 9435 31331
9436 31333 9436 31333
9437 31335 9437 31335
9438 31337 9440 31339
9441 31341 9441 31341
9442 31344 9442 31344
9443 31348 9445 31350
9446 31352 9448 31354
9449 31357 9458 31366
9459 31368 9459 31368
9460 31370 9461 31371
9462 31376 9470 31384
9471 31390 9473 31392
9474 31395 9474 31395
9475 31401 9476 31402
9477 31404 9477 31404
9478 31406 9480 31408
9481 31411 9481 31411
9482 31413 9483 31414
9484 31417 9487 31420
9488 31423 9488 31423
9489 31427 9501 31439
9502 31441 9504 31443
9505 31445 9505 31445
9506 31449 9510 31453
9511 31455 9515 31459
9516 31461 9524 31469
9525 31471 9527 31473
9528 31476 9528 31476
9529 31478 9529 31478
9530 31480 9533 31483
9534 31485 9536 31487
9537 31490 9537 31490
9538 31492 9538 31492
9539 31494 9541 31496
9542 31498 9543 31499
9544 31503 9544 31503
9545 31505 9545 31505
9546 31508 9546 31508
9547 31512 9548 31513
9549 31515 9549 31515
9550 31518 9552 31520
9553 31523 9553 31523
9554 31525 9566 31537
9567 31539 9570 31542
9571 31545 9571 31545
9572 31549 9572 31549
9573 31551 9575 31553
9576 31557 9580 31561
9581 31563 9588 31570
9589 31572 9591 31574
9592 31581 9592 31581
9593 31584 9593 31584
9594 31588 9597 31591
9598 31593 9599 31594
9600 31596 9609 31605
9610 31607 9610 31607
9611 31610 9611 31610
9612 31620 9612 31620
9613 31622 9614 31623
9615 31625 9615 31625
9616 31627 9616 31627
9617 31629 9622 31634
9623 31636 9636 31649
9637 31653 9637 31653
9638 31658 9638 31658
9639 31660 9640 31661
9641 31663 9644 31666
9645 31668 9647 31670
9648 31672 9648 31672
9649 31674 9652 31677
9653 31680 9655 31682
9656 31684 9664 31692
9665 31695 9665 31695
9666 31700 9666 31700
9667 31702 9668 31703
9669 31705 9671 31707
9672 31709 9672 31709
9673 31712 9673 31712
9674 31716 9676 31718
9677 31720 9679 31722
9680 31725 9680 31725
9681 31730 9689 31738
9690 31740 9690 31740
9691 31742 9691 31742
9692 31744 9696 31748
9697 31750 9698 31751
9699 31753 9699 31753
9700 31755 9704 31759
9705 31761 9708 31764
9709 31767 9709 31767
9710 31769 9710 31769
9711 31771 9711 31771
9712 31775 9714 31777
9715 31779 9715 31779
9716 31781 9719 31784
9720 31786 9722 31788
9723 31793 9723 31793
9724 31795 9725 31796
9726 31798 9730 31802
9731 31805 9734 31808
9735 31811 9735 31811
9736 31814 9736 31814
9737 31818 9737 31818
9738 31820 9739 31821
9740 31823 9747 31830
9748 31832 9757 31841
9758 31843 9760 31845
9761 31847 9761 31847
9762 31849 9762 31849
9763 31852 9765 31854
9766 31856 9766 31856
9767 31858 9768 31859
9769 31861 9769 31861
9770 31865 9770 31865
9771 31868 9773 31870
9774 31873 9776 31875
9777 31878 9778 31879
9779 31881 9779 31881
9780 31883 9780 31883
9781 31885 9781 31885
9782 31887 9783 31888
9784 31890 9784 31890
9785 31892 9786 31893
9787 31895 9788 31896
9789 31899 9789 31899
9790 31902 9794 31906
9795 31908 9799 31912
9800 31915 9800 31915
9801 31917 9802 31918
9803 31920 9806 31923
9807 31926 9808 31927
9809 31929 9816 31936
9817 31938 9817 31938
9818 31940 9819 31941
9820 31943 9823 31946
9824 31949 9826 31951
9827 31954 9835 31962
9836 31964 9840 31968
9841 31970 9841 31970
9842 31974 9843 31975
9844 31977 9844 31977
9845 31979 9845 31979
9846 31983 9846 31983
9847 31986 9847 31986
9848 31988 9850 31990
9851 31992 9851 31992
9852 31994 9853 31995
9854 31998 9854 31998
9855 32000 9855 32000
9856 32002 9865 32011
9866 32013 9866 32013
9867 32015 9882 32030
9883 32032 9886 32035
9887 32038 9887 32038
9888 32042 9897 32051
9898 32053 9898 32053
9899 32057 9900 32058
9901 32060 9913 32072
9914 32075 9920 32081
9921 32083 9921 32083
9922 32086 9923 32087
9924 32089 9929 32094
9930 32097 9932 32099
9933 32101 9936 32104
9937 32106 9937 32106
9938 32110 9938 32110
9939 32112 9942 32115
9943 32117 9944 32118
9945 32120 9948 32123
9949 32125 9949 32125
9950 32127 9950 32127
9951 32129 9953 32131
9954 32133 9955 32134
9956 32136 9957 32137
9958 32139 9960 32141
9961 32143 9961 32143
9962 32145 9962 32145
9963 32147 9963 32147
9964 32150 9965 32151
9966 32153 9973 32160
9974 32162 9975 32163
9976 32166 9977 32167
9978 32170 9995 32187
9996 32189 9998 32191
9999 32194 10004 32199
10005 32202 10010 32207
10011 32209 10012 32210
10013 32213 10018 32218
10019 32220 10021 32222
10022 32224 10024 32226
10025 32228 10027 32230
10028 32232 10033 32237
10034 32239 10034 32239
10035 32241 10036 32242
10037 32244 10039 32246
10040 32249 10042 32251
10043 32256 10044 32257
10045 32260 10046 32261
10047 32264 10050 32267
10051 32272 10053 32274
10054 32277 10054 32277
10055 32279 10055 32279
10056 32283 10064 32291
10065 32294 10067 32296
10068 32299 10072 32303
10073 32305 10075 32307
10076 32309 10078 32311
10079 32313 10081 32315
10082 32317 10084 32319
10085 32321 10085 32321
10086 32323 10090 32327
10091 32330 10092 32331
10093 32333 10094 32334
10095 32336 10095 32336
10096 32338 10096 32338
10097 32340 10099 32342
10100 32344 10102 32346
10103 32349 10105 32351
10106 32353 10107 32354
10108 32357 10110 32359
10111 32361 10113 32363
10114 32365 10117 32368
10118 32371 10118 32371
10119 32376 10120 32377
10121 32379 10125 32383
10126 32385 10128 32387
10129 32390 10133 32394
10134 32396 10144 32406
10145 32408 10145 32408
10146 32410 10150 32414
10151 32566 10151 32566
10152 32568 10152 32568
10153 32570 10158 32575
10159 32579 10161 32581
10162 32583 10162 32583
10163 32588 10172 32597
10173 32600 10173 32600
10174 32603 10176 32605
10177 32607 10179 32609
10180 32611 10188 32619
10189 32621 10190 32622
10191 32624 10193 32626
10194 32629 10194 32629
10195 32631 10197 32633
10198 32637 10201 32640
10202 32642 10203 32643
10204 32645 10207 32648
10208 32650 10215 32657
10216 32660 10216 32660
10217 32662 10218 32663
10219 32666 10219 32666
10220 32668 10222 32670
10223 32673 10226 32676
10227 32678 10227 32678
10228 32680 10230 32682
10231 32685 10233 32687
10234 32690 10234 32690
10235 32692 10235 32692
10236 32694 10236 32694
10237 32696 10238 32697
10239 32700 10240 32701
10241 32703 10243 32705
10244 32707 10244 32707
10245 32709 10246 32710
10247 32712 10247 32712
10248 32714 10248 32714
10249 32716 10249 32716
10250 32718 10251 32719
10252 32722 10252 32722
10253 32724 10254 32725
10255 32731 10255 32731
10256 32735 10258 32737
10259 32739 10259 32739
10260 32741 10261 32742
10262 32744 10263 32745
10264 32747 10265 32748
10266 32750 10268 32752
10269 32754 10270 32755
10271 32761 10279 32769
10280 32771 10285 32776
10286 32778 10301 32793
10302 32796 10307 32801
10308 32804 10308 32804
10309 32806 10309 32806
10310 32808 10310 32808
10311 32812 10311 32812
10312 32814 10312 32814
10313 32816 10313 32816
10314 32819 10318 32823
10319 32825 10326 32832
10327 32836 10327 32836
10328 32838 10328 32838
10329 32842 10329 32842
10330 32850 10330 32850
10331 32854 10331 32854
10332 32856 10332 32856
10333 32858 10333 32858
10334 32862 10338 32866
10339 32868 10339 32868
10340 32870 10340 32870
10341 32872 10341 32872
10342 32877 10342 32877
10343 32879 10351 32887
10352 32889 10352 32889
10353 32893 10355 32895
10356 32897 10356 32897
10357 32900 10362 32905
10363 32907 10364 32908
10365 32910 10365 32910
10366 32915 10366 32915
10367 32918 10367 32918
10368 32920 10368 32920
10369 32922 10373 32926
10374 32929 10375 32930
10376 32933 10378 32935
10379 32937 10383 32941
10384 32943 10384 32943
10385 32945 10386 32946
10387 32948 10387 32948
10388 32952 10390 32954
10391 32963 10392 32964
10393 32966 10393 32966
10394 32968 10394 32968
10395 32972 10398 32975
10399 32978 10399 32978
10400 32980 10407 32987
10408 32989 10409 32990
10410 32992 10411 32993
10412 32996 10413 32997
10414 33005 10421 33012
10422 33014 10422 33014
10423 33016 10425 33018
10426 33020 10428 33022
10429 33026 10430 33027
10431 33029 10437 33035
10438 33046 10440 33048
10441 33050 10443 33052
10444 33054 10444 33054
10445 33056 10445 33056
10446 33059 10447 33060
10448 33063 10448 33063
10449 33065 10449 33065
10450 33068 10450 33068
10451 33071 10453 33073
10454 33075 10454 33075
10455 33077 10455 33077
10456 33081 10457 33082
10458 33084 10458 33084
10459 33086 10459 33086
10460 33093 10462 33095
10463 33098 10465 33100
10466 33102 10466 33102
10467 33104 10472 33109
10473 33111 10473 33111
10474 33119 10476 33121
10477 33125 10481 33129
10482 33131 10482 33131
10483 33133 10487 33137
10488 33140 10488 33140
10489 33143 10492 33146
10493 33151 10500 33158
10501 33160 10501 33160
10502 33162 10503 33163
10504 33166 10506 33168
10507 33171 10507 33171
10508 33173 10509 33174
10510 33176 10510 33176
10511 33178 10515 33182
10516 33184 10516 33184
10517 33186 10519 33188
10520 33192 10521 33193
10522 33198 10522 33198
10523 33200 10523 33200
10524 33202 10527 33205
10528 33208 10528 33208
10529 33210 10530 33211
10531 33213 10534 33216
10535 33218 10536 33219
10537 33221 10538 33222
10539 33224 10542 33227
10543 33229 10545 33231
10546 33233 10546 33233
10547 33235 10547 33235
10548 33237 10548 33237
10549 33239 10553 33243
10554 33245 10558 33249
10559 33251 10561 33253
10562 33255 10563 33256
10564 33258 10567 33261
10568 33264 10574 33270
10575 33272 10586 33283
10587 33285 10587 33285
10588 33287 10591 33290
10592 33292 10596 33296
10597 33298 10599 33300
10600 33302 10609 33311
10610 33313 10611 33314
10612 33320 10616 33324
10617 33326 10617 33326
10618 33330 10626 33338
10627 33344 10627 33344
10628 33347 10632 33351
10633 33355 10633 33355
10634 33358 10635 33359
10636 33361 10636 33361
10637 33366 10637 33366
10638 33368 10640 33370
10641 33372 10642 33373
10643 33375 10644 33376
10645 33378 10647 33380
10648 33382 10650 33384
10651 33386 10652 33387
10653 33389 10655 33391
10656 33393 10657 33394
10658 33396 10658 33396
10659 33398 10661 33400
10662 33403 10662 33403
10663 33405 10667 33409
10668 33411 10669 33412
10670 33415 10670 33415
10671 33417 10673 33419
10674 33421 10675 33422
10676 33425 10677 33426
10678 33428 10678 33428
10679 33430 10679 33430
10680 33432 10683 33435
10684 33437 10684 33437
10685 33439 10687 33441
10688 33443 10705 33460
10706 33463 10714 33471
10715 33477 10716 33478
10717 33488 10722 33493
10723 33495 10723 33495
10724 33497 10727 33500
10728 33502 10738 33512
10739 33514 10740 33515
10741 33517 10741 33517
10742 33519 10742 33519
10743 33521 10743 33521
10744 33523 10745 33524
10746 33526 10747 33527
10748 33529 10750 33531
10751 33533 10752 33534
10753 33536 10764 33547
10765 33550 10765 33550
10766 33558 10768 33560
10769 33563 10773 33567
10774 33569 10776 33571
10777 33576 10777 33576
10778 33579 10793 33594
10794 33596 10795 33597
10796 33600 10796 33600
10797 33602 10800 33605
10801 33607 10801 33607
10802 33609 10803 33610
10804 33613 10815 33624
10816 33634 10816 33634
10817 33648 10817 33648
10818 33651 10818 33651
10819 33653 10819 33653
10820 33655 10821 33656
10822 33659 10824 33661
10825 33663 10826 33664
10827 33666 10827 33666
10828 33668 10831 33671
10832 33673 10833 33674
10834 33677 10835 33678
10836 33682 10840 33686
10841 33688 10849 33696
10850 33698 10850 33698
10851 33702 10858 33709
10859 33713 10859 33713
10860 33717 10860 33717
10861 33725 10865 33729
10866 33733 10866 33733
10867 33735 10867 33735
10868 33737 10869 33738
10870 33740 10870 33740
10871 33742 10874 33745
10875 33747 10876 33748
10877 33750 10877 33750
10878 33752 10878 33752
10879 33756 10880 33757
10881 33759 10882 33760
10883 33768 10886 33771
10887 33775 10890 33778
10891 33780 10891 33780
10892 33782 10895 33785
10896 33787 10898 33789
10899 33793 10899 33793
10900 33795 10901 33796
10902 33798 10903 33799
10904 33802 10909 33807
10910 33809 10910 33809
10911 33811 10911 33811
10912 33813 10912 33813
10913 33817 10913 33817
10914 33824 10914 33824
10915 33826 10915 33826
10916 33833 10917 33834
10918 33836 10918 33836
10919 33839 10919 33839
10920 33841 10920 33841
10921 33845 10921 33845
10922 33848 10923 33849
10924 33852 10925 33853
10926 33861 10931 33866
10932 33869 10934 33871
10935 33873 10936 33874
10937 33878 10943 33884
10944 33888 10951 33895
10952 33897 10960 33905
10961 33907 10968 33914
10969 33916 10970 33917
10971 33921 10972 33922
10973 33924 10974 33925
10975 33931 10975 33931
10976 33936 10976 33936
10977 33938 10980 33941
10981 33945 10981 33945
10982 33948 10982 33948
10983 33950 10984 33951
10985 33953 10985 33953
10986 33958 10986 33958
10987 33960 10989 33962
10990 33965 10990 33965
10991 33967 10991 33967
10992 33969 10993 33970
10994 33972 10994 33972
10995 33976 11005 33986
11006 33988 11006 33988
11007 33990 11014 33997
11015 33999 11017 34001
11018 34003 11018 34003
11019 34006 11019 34006
11020 34009 11021 34010
11022 34012 11022 34012
11023 34023 11023 34023
11024 34026 11024 34026
11025 34028 11025 34028
11026 34030 11030 34034
11031 34036 11031 34036
11032 34039 11032 34039
11033 34042 11036 34045
11037 34047 11038 34048
11039 34050 11040 34051
11041 34054 11042 34055
11043 34060 11043 34060
11044 34062 11044 34062
11045 34064 11046 34065
11047 34067 11049 34069
11050 34071 11051 34072
11052 34074 11052 34074
11053 34076 11053 34076
11054 34078 11055 34079
11056 34081 11062 34087
11063 34090 11066 34093
11067 34095 11067 34095
11068 34098 11072 34102
11073 34109 11073 34109
11074 34111 11076 34113
11077 34115 11077 34115
11078 34118 11078 34118
11079 34120 11082 34123
11083 34126 11088 34131
11089 34133 11094 34138
11095 34140 11103 34148
11104 34152 11107 34155
11108 34157 11108 34157
11109 34159 11109 34159
11110 34167 11110 34167
11111 34169 11113 34171
11114 34173 11118 34177
11119 34180 11127 34188
11128 34191 11130 34193
11131 34195 11132 34196
11133 34199 11135 34201
11136 34203 11138 34205
11139 34207 11140 34208
11141 34210 11141 34210
11142 34212 11154 34224
11155 34228 11155 34228
11156 34230 11160 34234
11161 34236 11164 34239
11165 34241 11166 34242
11167 34247 11167 34247
11168 34249 11170 34251
11171 34253 11174 34256
11175 34261 11175 34261
11176 34264 11176 34264
11177 34266 11177 34266
11178 34268 11179 34269
11180 34271 11181 34272
11182 34276 11184 34278
11185 34280 11187 34282
11188 34285 11188 34285
11189 34291 11189 34291
11190 34294 11191 34295
11192 34297 11195 34300
11196 34302 11198 34304
11199 34306 11199 34306
11200 34308 11203 34311
11204 34314 11205 34315
11206 34317 11207 34318
11208 34320 11211 34323
11212 34326 11217 34331
11218 34334 11218 34334
11219 34337 11220 34338
11221 34343 11221 34343
11222 34345 11222 34345
11223 34349 11223 34349
11224 34351 11225 34352
11226 34358 11226 34358
11227 34360 11227 34360
11228 34362 11228 34362
11229 34364 11230 34365
11231 34367 11234 34370
11235 34374 11235 34374
11236 34381 11237 34382
11238 34384 11238 34384
11239 34386 11247 34394
11248 34396 11256 34404
11257 34407 11257 34407
11258 34409 11258 34409
11259 34411 11260 34412
11261 34415 11261 34415
11262 34417 11262 34417
11263 34421 11265 34423
11266 34425 11268 34427
11269 34440 11269 34440
11270 34442 11273 34445
11274 34449 11274 34449
11275 34451 11275 34451
11276 34453 11277 34454
11278 34456 11278 34456
11279 34458 11279 34458
11280 34460 11280 34460
11281 34465 11281 34465
11282 34467 11283 34468
11284 34470 11289 34475
11290 34477 11290 34477
11291 34479 11293 34481
11294 34483 11300 34489
11301 34495 11303 34497
11304 34499 11308 34503
11309 34505 11309 34505
11310 34507 11310 34507
11311 34509 11312 34510
11313 34513 11314 34514
11315 34516 11316 34517
11317 34519 11317 34519
11318 34521 11321 34524
11322 34526 11324 34528
11325 34531 11327 34533
11328 34535 11328 34535
11329 34537 11329 34537
11330 34540 11333 34543
11334 34552 11340 34558
11341 34560 11341 34560
11342 34562 11351 34571
11352 34573 11359 34580
11360 34584 11362 34586
11363 34588 11363 34588
11364 34590 11365 34591
11366 34593 11366 34593
11367 34595 11367 34595
11368 34597 11368 34597
11369 34600 11370 34601
11371 34606 11372 34607
11373 34609 11374 34610
11375 34612 11375 34612
11376 34615 11376 34615
11377 34617 11384 34624
11385 34627 11385 34627
11386 34629 11386 34629
11387 34633 11387 34633
11388 34635 11391 34638
11392 34643 11392 34643
11393 34645 11393 34645
11394 34647 11396 34649
11397 34653 11397 34653
11398 34655 11400 34657
11401 34659 11404 34662
11405 34664 11405 34664
11406 34666 11406 34666
11407 34670 11408 34671
11409 34673 11410 34674
11411 34676 11411 34676
11412 34678 11412 34678
11413 34680 11413 34680
11414 34683 11414 34683
11415 34687 11415 34687
11416 34690 11423 34697
11424 34699 11426 34701
11427 34704 11427 34704
11428 34707 11428 34707
11429 34709 11429 34709
11430 34711 11432 34713
11433 34718 11435 34720
11436 34722 11437 34723
11438 34727 11438 34727
11439 34731 11443 34735
11444 34737 11444 34737
11445 34739 11445 34739
11446 34741 11446 34741
11447 34746 11448 34747
11449 34749 11453 34753
11454 34756 11454 34756
11455 34758 11460 34763
11461 34766 11461 34766
11462 34768 11462 34768
11463 34770 11463 34770
11464 34773 11465 34774
11466 34777 11467 34778
11468 34780 11468 34780
11469 34783 11470 34784
11471 34786 11473 34788
11474 34794 11475 34795
11476 34797 11476 34797
11477 34799 11477 34799
11478 34801 11480 34803
11481 34806 11486 34811
11487 34814 11488 34815
11489 34817 11489 34817
11490 34819 11490 34819
11491 34821 11493 34823
11494 34825 11496 34827
11497 34829 11506 34838
11507 34840 11511 34844
11512 34846 11513 34847
11514 34849 11516 34851
11517 34855 11518 34856
11519 34861 11520 34862
11521 34864 11523 34866
11524 34869 11525 34870
11526 34873 11529 34876
11530 34880 11536 34886
11537 34888 11543 34894
11544 34897 11546 34899
11547 34901 11562 34916
11563 34920 11564 34921
11565 34923 11565 34923
11566 34928 11568 34930
11569 34933 11569 34933
11570 34935 11570 34935
11571 34937 11571 34937
11572 34939 11572 34939
11573 34941 11578 34946
11579 34952 11579 34952
11580 34955 11580 34955
11581 34957 11581 34957
11582 34962 11582 34962
11583 34966 11589 34972
11590 34974 11592 34976
11593 34978 11593 34978
11594 34980 11594 34980
11595 34984 11595 34984
11596 34986 11597 34987
11598 34990 11598 34990
11599 34992 11600 34993
11601 34996 11602 34997
11603 34999 11603 34999
11604 35002 11604 35002
11605 35005 11613 35013
11614 35018 11619 35023
11620 35025 11624 35029
11625 35032 11626 35033
11627 35035 11631 35039
11632 35041 11632 35041
11633 35047 11634 35048
11635 35055 11641 35061
11642 35063 11644 35065
11645 35068 11647 35070
11648 35073 11649 35074
11650 35076 11650 35076
11651 35078 11652 35079
11653 35082 11653 35082
11654 35084 11658 35088
11659 35090 11660 35091
11661 35093 11662 35094
11663 35096 11665 35098
11666 35100 11668 35102
11669 35104 11669 35104
11670 35109 11673 35112
11674 35114 11675 35115
11676 35120 11678 35122
11679 35125 11680 35126
11681 35128 11684 35131
11685 35134 11685 35134
11686 35136 11692 35142
11693 35145 11693 35145
11694 35148 11695 35149
11696 35151 11696 35151
11697 35154 11697 35154
11698 35158 11699 35159
11700 35162 11702 35164
11703 35166 11709 35172
11710 35174 11710 35174
11711 35178 11712 35179
11713 35181 11716 35184
11717 35186 11720 35189
11721 35191 11721 35191
11722 35194 11727 35199
11728 35201 11728 35201
11729 35203 11729 35203
11730 35206 11735 35211
11736 35213 11736 35213
11737 35215 11738 35216
11739 35219 11744 35224
11745 35226 11747 35228
11748 35231 11750 35233
11751 35237 11753 35239
11754 35241 11755 35242
11756 35244 11756 35244
11757 35247 11758 35248
11759 35250 11764 35255
11765 35258 11765 35258
11766 35260 11767 35261
11768 35263 11769 35264
11770 35282 11770 35282
11771 35284 11775 35288
11776 35290 11776 35290
11777 35292 11778 35293
11779 35299 11779 35299
11780 35301 11782 35303
11783 35305 11783 35305
11784 35307 11784 35307
11785 35309 11785 35309
11786 35313 11786 35313
11787 35315 11788 35316
11789 35318 11789 35318
11790 35320 11791 35321
11792 35325 11792 35325
11793 35327 11794 35328
11795 35330 11798 35333
11799 35335 11800 35336
11801 35338 11801 35338
11802 35340 11802 35340
11803 35342 11813 35352
11814 35355 11814 35355
11815 35357 11818 35360
11819 35362 11823 35366
11824 35370 11827 35373
11828 35375 11828 35375
11829 35377 11829 35377
11830 35379 11834 35383
11835 35386 11839 35390
11840 35392 11841 35393
11842 35395 11842 35395
11843 35397 11847 35401
11848 35405 11849 35406
11850 35408 11858 35416
11859 35419 11862 35422
11863 35424 11866 35427
11867 35429 11869 35431
11870 35433 11870 35433
11871 35435 11874 35438
11875 35440 11878 35443
11879 35445 11881 35447
11882 35449 11885 35452
11886 35454 11888 35456
11889 35458 11894 35463
11895 35465 11895 35465
11896 35467 11898 35469
11899 35471 11903 35475
11904 35477 11909 35482
11910 35486 11913 35489
11914 35491 11920 35497
11921 35500 11925 35504
11926 35506 11927 35507
11928 35510 11929 35511
11930 35513 11930 35513
11931 35515 11932 35516
11933 35518 11934 35519
11935 35522 11937 35524
11938 35526 11945 35533
11946 35535 11946 35535
11947 35537 11953 35543
11954 35546 11962 35554
11963 35556 11963 35556
11964 35558 11965 35559
11966 35563 11969 35566
11970 35568 11971 35569
11972 35571 11977 35576
11978 35578 11978 35578
11979 35580 11979 35580
11980 35582 11984 35586
11985 35588 11988 35591
11989 35594 11991 35596
11992 35598 11992 35598
11993 35600 11994 35601
11995 35604 11995 35604
11996 35606 11997 35607
11998 35609 12006 35617
12007 35622 12007 35622
12008 35624 12008 35624
12009 35627 12011 35629
12012 35632 12012 35632
12013 35635 12013 35635
12014 35639 12014 35639
12015 35641 12015 35641
12016 35644 12016 35644
12017 35646 12017 35646
12018 35649 12023 35654
12024 35656 12025 35657
12026 35660 12029 35663
12030 35666 12032 35668
12033 35670 12033 35670
12034 35672 12038 35676
12039 35678 12040 35679
12041 35683 12041 35683
12042 35686 12042 35686
12043 35691 12045 35693
12046 35695 12049 35698
12050 35700 12050 35700
12051 35702 12054 35705
12055 35708 12060 35713
12061 35715 12063 35717
12064 35722 12070 35728
12071 35730 12075 35734
12076 35737 12077 35738
12078 35740 12078 35740
12079 35742 12080 35743
12081 35895 12084 35898
12085 35901 12087 35903
12088 35905 12088 35905
12089 35909 12096 35916
12097 35918 12100 35921
12101 35923 12103 35925
12104 35927 12108 35931
12109 35933 12109 35933
12110 35937 12113 35940
12114 35942 12114 35942
12115 35944 12120 35949
12121 35955 12121 35955
12122 35957 12123 35958
12124 35960 12128 35964
12129 35966 12129 35966
12130 35970 12130 35970
12131 35973 12133 35975
12134 35977 12139 35982
12140 35984 12140 35984
12141 35986 12143 35988
12144 35992 12145 35993
12146 35995 12149 35998
12150 36000 12152 36002
12153 36004 12153 36004
12154 36007 12163 36016
12164 36018 12166 36020
12167 36022 12174 36029
12175 36031 12187 36043
12188 36045 12190 36047
12191 36049 12191 36049
12192 36051 12192 36051
12193 36053 12194 36054
12195 36057 12200 36062
12201 36064 12205 36068
12206 36070 12206 36070
12207 36072 12207 36072
12208 36074 12208 36074
12209 36076 12210 36077
12211 36079 12212 36080
12213 36082 12213 36082
12214 36084 12215 36085
12216 36087 12217 36088
12218 36090 12223 36095
12224 36097 12224 36097
12225 36099 12227 36101
12228 36103 12232 36107
12233 36109 12233 36109
12234 36111 12235 36112
12236 36114 12238 36116
12239 36118 12240 36119
12241 36123 12241 36123
12242 36196 12245 36199
12246 36201 12246 36201
12247 36203 12250 36206
12251 36208 12252 36209
12253 36211 12254 36212
12255 36214 12256 36215
12257 36223 12257 36223
12258 36225 12259 36226
12260 36228 12261 36229
12262 36232 12262 36232
12263 36234 12263 36234
12264 36237 12264 36237
12265 36240 12266 36241
12267 36245 12267 36245
12268 36249 12268 36249
12269 36254 12271 36256
12272 36259 12272 36259
12273 36262 12273 36262
12274 36264 12274 36264
12275 36267 12276 36268
12277 36271 12277 36271
12278 36274 12279 36275
12280 36277 12280 36277
12281 36279 12281 36279
12282 36281 12285 36284
12286 36286 12286 36286
12287 36288 12287 36288
12288 36290 12288 36290
12289 36293 12292 36296
12293 36298 12295 36300
12296 36302 12297 36303
12298 36305 12298 36305
12299 36308 12302 36311
12303 36313 12305 36315
12306 36317 12306 36317
12307 36319 12307 36319
12308 36321 12308 36321
12309 36323 12311 36325
12312 36327 12313 36328
12314 36330 12316 36332
12317 36335 12323 36341
12324 36348 12325 36349
12326 36351 12326 36351
12327 36353 12327 36353
12328 36356 12330 36358
12331 36360 12334 36363
12335 36367 12337 36369
12338 36372 12338 36372
12339 36374 12339 36374
12340 36381 12346 36387
12347 36390 12348 36391
12349 36394 12349 36394
12350 36400 12351 36401
12352 36403 12358 36409
12359 36413 12359 36413
12360 36416 12362 36418
12363 36420 12363 36420
12364 36423 12373 36432
12374 36436 12375 36437
12376 36441 12376 36441
12377 36443 12386 36452
12387 36457 12387 36457
12388 36460 12389 36461
12390 36463 12393 36466
12394 36468 12394 36468
12395 36470 12395 36470
12396 36473 12399 36476
12400 36481 12404 36485
12405 36487 12405 36487
12406 36489 12408 36491
12409 36493 12409 36493
12410 36496 12415 36501
12416 36505 12418 36507
12419 36509 12420 36510
12421 36513 12422 36514
12423 36519 12423 36519
12424 36521 12432 36529
12433 36531 12433 36531
12434 36533 12434 36533
12435 36538 12436 36539
12437 36542 12437 36542
12438 36544 12439 36545
12440 36547 12445 36552
12446 36554 12449 36557
12450 36559 12450 36559
12451 36561 12452 36562
12453 36564 12453 36564
12454 36571 12455 36572
12456 36575 12456 36575
12457 36578 12458 36579
12459 36584 12459 36584
12460 36587 12460 36587
12461 36589 12462 36590
12463 36592 12464 36593
12465 36599 12472 36606
12473 36608 12473 36608
12474 36610 12475 36611
12476 36613 12476 36613
12477 36615 12480 36618
12481 36620 12481 36620
12482 36623 12483 36624
12484 36626 12491 36633
12492 36635 12498 36641
12499 36643 12499 36643
12500 36645 12505 36650
12506 36652 12509 36655
12510 36659 12518 36667
12519 36670 12528 36679
12529 36681 12529 36681
12530 36684 12533 36687
12534 36689 12538 36693
12539 36695 12540 36696
12541 36700 12544 36703
12545 36705 12549 36709
12550 36763 12556 36769
12557 36771 12562 36776
12563 36781 12568 36786
12569 36789 12572 36792
12573 36794 12575 36796
12576 36798 12580 36802
12581 36804 12583 36806
12584 36810 12585 36811
12586 36813 12587 36814
12588 36816 12593 36821
12594 36826 12594 36826
12595 36832 12595 36832
12596 36834 12600 36838
12601 36840 12604 36843
12605 36845 12609 36849
12610 36852 12617 36859
12618 36861 12619 36862
12620 36864 12626 36870
12627 36872 12627 36872
12628 36875 12634 36881
12635 36883 12643 36891
12644 36893 12650 36899
12651 36903 12654 36906
12655 36908 12658 36911
12659 36913 12667 36921
12668 36924 12668 36924
12669 36926 12670 36927
12671 36929 12675 36933
12676 36935 12676 36935
12677 36937 12690 36950
12691 36952 12692 36953
12693 36955 12696 36958
12697 36960 12700 36963
12701 36965 12705 36969
12706 36972 12710 36976
12711 36978 12711 36978
12712 36980 12718 36986
12719 36988 12720 36989
12721 36991 12727 36997
12728 36999 12733 37004
12734 37006 12737 37009
12738 37013 12738 37013
12739 37015 12741 37017
12742 37019 12742 37019
12743 37024 12746 37027
12747 37029 12748 37030
12749 37032 12749 37032
12750 37034 12750 37034
12751 37039 12758 37046
12759 37048 12759 37048
12760 37053 12761 37054
12762 37057 12762 37057
12763 37059 12765 37061
12766 37063 12767 37064
12768 37066 12768 37066
12769 37068 12769 37068
12770 37070 12770 37070
12771 37074 12771 37074
12772 37077 12772 37077
12773 37079 12775 37081
12776 37083 12780 37087
12781 37089 12782 37090
12783 37092 12784 37093
12785 37096 12785 37096
12786 37099 12786 37099
12787 37101 12787 37101
12788 37103 12789 37104
12790 37108 12793 37111
12794 37117 12797 37120
12798 37122 12798 37122
12799 37124 12801 37126
12802 37128 12802 37128
12803 37133 12803 37133
12804 37136 12804 37136
12805 37138 12805 37138
12806 37140 12812 37146
12813 37148 12813 37148
12814 37150 12814 37150
12815 37152 12815 37152
12816 37154 12817 37155
12818 37157 12818 37157
12819 37159 12819 37159
12820 37161 12820 37161
12821 37165 12826 37170
12827 37172 12827 37172
12828 37174 12829 37175
12830 37177 12831 37178
12832 37180 12833 37181
12834 37187 12834 37187
12835 37191 12843 37199
12844 37202 12846 37204
12847 37206 12852 37211
12853 37217 12857 37221
12858 37223 12858 37223
12859 37225 12860 37226
12861 37228 12862 37229
12863 37234 12866 37237
12867 37239 12871 37243
12872 37249 12874 37251
12875 37253 12877 37255
12878 37257 12880 37259
12881 37261 12882 37262
12883 37264 12888 37269
12889 37271 12890 37272
12891 37276 12891 37276
12892 37278 12892 37278
12893 37281 12894 37282
12895 37284 12895 37284
12896 37286 12896 37286
12897 37288 12897 37288
12898 37290 12910 37302
12911 37304 12911 37304
12912 37306 12915 37309
12916 37311 12920 37315
12921 37317 12925 37321
12926 37323 12932 37329
12933 37331 12934 37332
12935 37334 12944 37343
12945 37345 12945 37345
12946 37347 12950 37351
12951 37353 12952 37354
12953 37356 12958 37361
12959 37365 12961 37367
12962 37369 12962 37369
12963 37371 12965 37373
12966 37375 12968 37377
12969 37380 12972 37383
12973 37385 12974 37386
12975 37388 12977 37390
12978 37392 12984 37398
12985 37400 12985 37400
12986 37404 12988 37406
12989 37411 12992 37414
12993 37416 12994 37417
12995 37420 12995 37420
12996 37422 12998 37424
12999 37427 13006 37434
13007 37436 13007 37436
13008 37438 13010 37440
13011 37442 13020 37451
13021 37453 13025 37457
13026 37463 13033 37470
13034 37472 13036 37474
13037 37476 13042 37481
13043 37486 13046 37489
13047 37493 13051 37497
13052 37499 13057 37504
13058 37507 13058 37507
13059 37509 13059 37509
13060 37512 13062 37514
13063 37517 13064 37518
13065 37521 13067 37523
13068 37525 13075 37532
13076 37535 13077 37536
13078 37540 13079 37541
13080 37543 13081 37544
13082 37547 13082 37547
13083 37549 13083 37549
13084 37551 13084 37551
13085 37554 13085 37554
13086 37558 13093 37565
13094 37567 13098 37571
13099 37573 13102 37576
13103 37579 13108 37584
13109 37586 13110 37587
13111 37589 13111 37589
13112 37591 13114 37593
13115 37596 13116 37597
13117 37599 13119 37601
13120 37603 13122 37605
13123 37607 13126 37610
13127 37612 13129 37614
13130 37616 13130 37616
13131 37618 13132 37619
13133 37624 13137 37628
13138 37631 13139 37632
13140 37634 13140 37634
13141 37638 13141 37638
13142 37640 13142 37640
13143 37645 13143 37645
13144 37647 13146 37649
13147 37652 13148 37653
13149 37656 13151 37658
13152 37660 13168 37676
13169 37678 13170 37679
13171 37682 13176 37687
13177 37690 13178 37691
13179 37700 13179 37700
13180 37703 13182 37705
13183 37707 13183 37707
13184 37709 13184 37709
13185 37712 13187 37714
13188 37716 13192 37720
13193 37722 13195 37724
13196 37726 13196 37726
13197 37728 13197 37728
13198 37732 13199 37733
13200 37735 13200 37735
13201 37737 13202 37738
13203 37740 13208 37745
13209 37747 13212 37750
13213 37754 13213 37754
13214 37756 13220 37762
13221 37768 13221 37768
13222 37770 13225 37773
13226 37775 13226 37775
13227 37778 13227 37778
13228 37780 13232 37784
13233 37786 13234 37787
13235 37790 13235 37790
13236 37793 13236 37793
13237 37795 13238 37796
13239 37798 13242 37801
13243 37803 13246 37806
13247 37808 13247 37808
13248 37812 13250 37814
13251 37817 13252 37818
13253 37825 13253 37825
13254 37827 13264 37837
13265 37840 13266 37841
13267 37843 13267 37843
13268 37846 13271 37849
13272 37852 13275 37855
13276 37857 13277 37858
13278 37860 13282 37864
13283 37879 13287 37883
13288 37885 13288 37885
13289 37889 13292 37892
13293 37895 13295 37897
13296 37901 13299 37904
13300 37907 13307 37914
13308 37919 13308 37919
13309 37921 13309 37921
13310 37931 13310 37931
13311 37934 13312 37935
13313 37937 13318 37942
13319 37944 13319 37944
13320 37946 13321 37947
13322 37949 13322 37949
13323 37951 13323 37951
13324 37953 13324 37953
13325 37955 13327 37957
13328 37960 13328 37960
13329 37962 13329 37962
13330 37964 13330 37964
13331 37969 13333 37971
13334 37973 13334 37973
13335 37977 13338 37980
13339 37982 13344 37987
13345 37992 13345 37992
13346 37994 13347 37995
13348 37997 13353 38002
13354 38005 13354 38005
13355 38007 13355 38007
13356 38012 13359 38015
13360 38017 13360 38017
13361 38019 13362 38020
13363 38263 13365 38265
13366 38270 13366 38270
13367 38272 13367 38272
13368 38274 13370 38276
13371 38279 13379 38287
13380 38289 13383 38292
13384 38294 13384 38294
13385 38296 13386 38297
13387 38301 13399 38313
13400 38315 13402 38317
13403 38322 13403 38322
13404 38324 13404 38324
13405 38326 13405 38326
13406 38329 13412 38335
13413 38339 13413 38339
13414 38342 13421 38349
13422 38352 13428 38358
13429 38360 13431 38362
13432 38364 13438 38370
13439 38372 13441 38374
13442 38428 13444 38430
13445 38433 13446 38434
13447 38436 13449 38438
13450 38440 13450 38440
13451 38442 13451 38442
13452 38444 13452 38444
13453 38446 13454 38447
13455 38449 13457 38451
13458 38455 13464 38461
13465 38463 13468 38466
13469 38468 13469 38468
13470 38475 13472 38477
13473 38479 13474 38480
13475 38482 13475 38482
13476 38484 13476 38484
13477 38486 13479 38488
13480 38491 13484 38495
13485 38497 13490 38502
13491 38506 13491 38506
13492 38508 13492 38508
13493 38510 13493 38510
13494 38512 13494 38512
13495 38514 13501 38520
13502 38522 13507 38527
13508 38529 13513 38534
13514 38536 13517 38539
13518 38541 13520 38543
13521 38545 13521 38545
13522 38548 13531 38557
13532 38559 13533 38560
13534 38563 13541 38570
13542 38574 13548 38580
13549 38582 13555 38588
13556 38592 13557 38593
13558 38596 13561 38599
13562 38601 13567 38606
13568 38609 13569 38610
13570 38613 13571 38614
13572 38616 13579 38623
13580 38626 13581 38627
13582 38632 13585 38635
13586 38639 13589 38642
13590 38646 13591 38647
13592 38649 13594 38651
13595 38656 13595 38656
13596 38658 13604 38666
13605 38669 13607 38671
13608 38673 13608 38673
13609 38675 13609 38675
13610 38678 13610 38678
13611 38681 13616 38686
13617 38689 13620 38692
13621 38695 13622 38696
13623 38698 13623 38698
13624 38704 13627 38707
13628 38712 13629 38713
13630 38715 13630 38715
13631 38717 13632 38718
13633 38721 13636 38724
13637 38726 13637 38726
13638 38728 13640 38730
13641 38733 13643 38735
13644 38737 13645 38738
13646 38741 13653 38748
13654 38750 13654 38750
13655 38752 13659 38756
13660 38758 13665 38763
13666 38765 13667 38766
13668 38769 13668 38769
13669 38771 13670 38772
13671 38774 13678 38781
13679 38783 13681 38785
13682 38788 13684 38790
13685 38793 13685 38793
13686 38795 13686 38795
13687 38797 13687 38797
13688 38799 13689 38800
13690 38805 13695 38810
13696 38812 13696 38812
13697 38814 13699 38816
13700 38818 13701 38819
13702 38822 13702 38822
13703 38824 13703 38824
13704 38827 13707 38830
13708 38833 13713 38838
13714 38840 13716 38842
13717 38844 13717 38844
13718 38846 13719 38847
13720 38849 13720 38849
13721 38851 13732 38862
13733 38864 13734 38865
13735 38867 13736 38868
13737 38871 13739 38873
13740 38875 13743 38878
13744 38880 13745 38881
13746 38884 13746 38884
13747 38893 13749 38895
13750 38897 13757 38904
13758 38906 13759 38907
13760 38911 13760 38911
13761 38913 13763 38915
13764 38917 13767 38920
13768 38922 13768 38922
13769 38924 13777 38932
13778 38934 13782 38938
13783 38940 13783 38940
13784 38942 13784 38942
13785 38944 13786 38945
13787 38947 13790 38950
13791 38955 13796 38960
13797 38962 13800 38965
13801 38967 13802 38968
13803 38971 13806 38974
13807 38980 13807 38980
13808 38982 13809 38983
13810 38986 13815 38991
13816 38993 13826 39003
13827 39006 13827 39006
13828 39010 13829 39011
13830 39013 13832 39015
13833 39018 13835 39020
13836 39023 13838 39025
13839 39027 13840 39028
13841 39080 13841 39080
13842 39082 13843 39083
13844 39085 13848 39089
13849 39092 13849 39092
13850 39094 13852 39096
13853 39098 13854 39099
13855 39103 13855 39103
13856 39106 13860 39110
13861 39112 13861 39112
13862 39116 13862 39116
13863 39131 13864 39132
13865 39135 13865 39135
13866 39137 13868 39139
13869 39141 13871 39143
13872 39145 13874 39147
13875 39149 13877 39151
13878 39154 13880 39156
13881 39158 13881 39158
13882 39164 13884 39166
13885 39170 13886 39171
13887 39173 13887 39173
13888 39175 13891 39178
13892 39180 13892 39180
13893 39184 13901 39192
13902 39194 13910 39202
13911 39204 13911 39204
13912 39206 13914 39208
13915 39211 13916 39212
13917 39214 13917 39214
13918 39217 13922 39221
13923 39225 13928 39230
13929 39232 13931 39234
13932 39237 13936 39241
13937 39243 13940 39246
13941 39248 13943 39250
13944 39252 13945 39253
13946 39255 13948 39257
13949 39259 13950 39260
13951 39262 13953 39264
13954 39318 13957 39321
13958 39323 13958 39323
13959 39325 13961 39327
13962 39333 13963 39334
13964 39336 13964 39336
13965 39340 13967 39342
13968 39344 13973 39349
13974 39353 13975 39354
13976 39356 13977 39357
13978 39359 13978 39359
13979 39361 13979 39361
13980 39363 13983 39366
13984 39368 13985 39369
13986 39376 13991 39381
13992 39384 13999 39391
14000 39394 14000 39394
14001 39399 14001 39399
14002 39402 14006 39406
14007 39408 14009 39410
14010 39412 14011 39413
14012 39416 14013 39417
14014 39419 14014 39419
14015 39421 14017 39423
14018 39425 14022 39429
14023 39435 14024 39436
14025 39438 14030 39443
14031 39446 14031 39446
14032 39449 14032 39449
14033 39454 14033 39454
14034 39456 14034 39456
14035 39458 14037 39460
14038 39463 14039 39464
14040 39467 14040 39467
14041 39469 14042 39470
14043 39472 14043 39472
14044 39475 14044 39475
14045 39477 14048 39480
14049 39486 14049 39486
14050 39488 14055 39493
14056 39495 14056 39495
14057 39498 14061 39502
14062 39505 14062 39505
14063 39508 14066 39511
14067 39514 14068 39515
14069 39517 14069 39517
14070 39519 14070 39519
14071 39522 14071 39522
14072 39524 14073 39525
14074 39529 14076 39531
14077 39592 14077 39592
14078 39594 14078 39594
14079 39596 14083 39600
14084 39602 14084 39602
14085 39604 14087 39606
14088 39608 14089 39609
14090 39611 14091 39612
14092 39614 14095 39617
14096 39619 14097 39620
14098 39622 14098 39622
14099 39624 14099 39624
14100 39630 14111 39641
14112 39643 14113 39644
14114 39646 14116 39648
14117 39650 14122 39655
14123 39657 14129 39663
14130 39665 14134 39669
14135 39671 14135 39671
14136 39673 14138 39675
14139 39677 14139 39677
14140 39679 14147 39686
14148 39688 14149 39689
14150 39691 14153 39694
14154 39696 14154 39696
14155 39698 14155 39698
14156 39702 14156 39702
14157 39704 14161 39708
14162 39711 14163 39712
14164 39714 14165 39715
14166 39717 14172 39723
14173 39725 14175 39727
14176 39729 14180 39733
14181 39735 14181 39735
14182 39737 14186 39741
14187 39745 14191 39749
14192 39752 14192 39752
14193 39755 14197 39759
14198 39761 14198 39761
14199 39764 14203 39768
14204 39770 14205 39771
14206 39774 14206 39774
14207 39777 14207 39777
14208 39779 14208 39779
14209 39781 14210 39782
14211 39784 14211 39784
14212 39786 14217 39791
14218 39794 14221 39797
14222 39799 14224 39801
14225 39807 14226 39808
14227 39811 14231 39815
14232 39817 14234 39819
14235 39821 14242 39828
14243 39830 14244 39831
14245 39834 14245 39834
14246 39837 14249 39840
14250 39846 14258 39854
14259 39856 14261 39858
14262 39860 14262 39860
14263 39863 14265 39865
14266 39867 14267 39868
14268 39870 14271 39873
14272 39878 14276 39882
14277 39886 14281 39890
14282 39892 14282 39892
14283 39894 14285 39896
14286 39899 14286 39899
14287 39901 14287 39901
14288 39903 14288 39903
14289 39905 14293 39909
14294 39911 14295 39912
14296 39914 14297 39915
14298 39919 14302 39923
14303 39925 14303 39925
14304 39927 14307 39930
14308 39933 14308 39933
14309 39935 14310 39936
14311 39938 14311 39938
14312 39940 14312 39940
14313 39942 14313 39942
14314 39944 14319 39949
14320 39951 14327 39958
14328 39960 14332 39964
14333 39966 14333 39966
14334 39969 14343 39978
14344 39981 14349 39986
14350 39989 14352 39991
14353 39993 14355 39995
14356 39997 14357 39998
14358 40001 14358 40001
14359 40003 14366 40010
14367 40014 14369 40016
14370 40018 14372 40020
14373 40022 14375 40024
14376 40026 14382 40032
14383 40035 14383 40035
14384 40039 14388 40043
14389 40046 14389 40046
14390 40048 14390 40048
14391 40050 14391 40050
14392 40053 14395 40056
14396 40059 14396 40059
14397 40165 14399 40167
14400 40169 14400 40169
14401 40171 14402 40172
14403 40176 14403 40176
14404 40178 14406 40180
14407 40182 14408 40183
14409 40185 14409 40185
14410 40194 14411 40195
14412 40198 14415 40201
14416 40203 14416 40203
14417 40206 14417 40206
14418 40209 14419 40210
14420 40213 14420 40213
14421 40215 14422 40216
14423 40219 14427 40223
14428 40227 14428 40227
14429 40230 14429 40230
14430 40232 14430 40232
14431 40234 14433 40236
14434 40239 14435 40240
14436 40242 14438 40244
14439 40250 14444 40255
14445 40257 14452 40264
14453 40266 14453 40266
14454 40272 14455 40273
14456 40275 14457 40276
14458 40281 14458 40281
14459 40284 14468 40293
14469 40297 14472 40300
14473 40303 14474 40304
14475 40306 14475 40306
14476 40310 14477 40311
14478 40314 14480 40316
14481 40318 14481 40318
14482 40323 14483 40324
14484 40326 14485 40327
14486 40329 14487 40330
14488 40333 14490 40335
14491 40338 14492 40339
14493 40341 14496 40344
14497 40346 14497 40346
14498 40353 14498 40353
14499 40356 14499 40356
14500 40361 14503 40364
14504 40366 14505 40367
14506 40369 14507 40370
14508 40372 14509 40373
14510 40376 14514 40380
14515 40383 14515 40383
14516 40385 14519 40388
14520 40390 14521 40391
14522 40393 14523 40394
14524 40399 14524 40399
14525 40403 14529 40407
14530 40409 14531 40410
14532 40414 14534 40416
14535 40421 14537 40423
14538 40425 14538 40425
14539 40427 14539 40427
14540 40429 14543 40432
14544 40434 14546 40436
14547 40440 14549 40442
14550 40445 14551 40446
14552 40450 14552 40450
14553 40455 14553 40455
14554 40458 14554 40458
14555 40462 14555 40462
14556 40464 14558 40466
14559 40469 14560 40470
14561 40473 14566 40478
14567 40565 14567 40565
14568 40568 14573 40573
14574 40575 14580 40581
14581 40583 14582 40584
14583 40587 14584 40588
14585 40590 14586 40591
14587 40593 14589 40595
14590 40597 14593 40600
14594 40603 14594 40603
14595 40605 14597 40607
14598 40612 14600 40614
14601 40616 14603 40618
14604 40620 14608 40624
14609 40627 14611 40629
14612 40632 14616 40636
14617 40638 14618 40639
14619 40644 14619 40644
14620 40646 14620 40646
14621 40648 14621 40648
14622 40651 14629 40658
14630 40660 14631 40661
14632 40664 14633 40665
14634 40667 14639 40672
14640 40676 14641 40677
14642 40679 14643 40680
14644 40684 14650 40690
14651 40692 14656 40697
14657 40699 14659 40701
14660 40703 14660 40703
14661 40706 14662 40707
14663 40711 14665 40713
14666 40718 14675 40727
14676 40729 14678 40731
14679 40735 14682 40738
14683 40742 14683 40742
14684 40746 14686 40748
14687 40751 14687 40751
14688 40753 14689 40754
14690 40756 14690 40756
14691 40759 14691 40759
14692 40761 14698 40767
14699 40769 14699 40769
14700 40771 14704 40775
14705 40778 14706 40779
14707 40782 14708 40783
14709 40786 14715 40792
14716 40794 14716 40794
14717 40797 14723 40803
14724 40806 14728 40810
14729 40812 14736 40819
14737 40821 14739 40823
14740 40826 14740 40826
14741 40829 14741 40829
14742 40845 14742 40845
14743 40847 14746 40850
14747 40852 14750 40855
14751 40860 14753 40862
14754 40864 14757 40867
14758 40869 14758 40869
14761 63785 14761 63785
14762 63964 14762 63964
14763 64014 14794 64045
14798 65282 14798 65282
14803 65287 14803 65287
14958 65508 14958 65508
14960 65512 14966 65518
14967 32 15061 126
15062 160 15285 383
15286 402 15286 402
15287 506 15292 511
15293 592 15381 680
15382 710 15383 711
15384 713 15384 713
15385 728 15390 733
15391 884 15392 885
15393 890 15393 890
15394 894 15394 894
15395 900 15401 906
15402 908 15402 908
15403 910 15422 929
15423 931 15466 974
15467 1025 15478 1036
15479 1038 15544 1103
15545 1105 15556 1116
15557 1118 15597 1158
15598 1168 15650 1220
15651 1223 15652 1224
15653 1227 15654 1228
15655 1232 15682 1259
15683 1262 15690 1269
15691 1272 15692 1273
15693 7808 15698 7813
15699 7922 15700 7923
15701 8192 15722 8213
15723 8215 15746 8238
15747 8240 15769 8262
15770 8304 15770 8304
15771 8308 15797 8334
15798 8352 15808 8362
15809 8448 15865 8504
15866 8531 15894 8559
15895 8570 15903 8578
15904 8592 15994 8682
15995 8704 16236 8945
16237 8962 16237 8962
16238 8976 16238 8976
16239 8978 16239 8978
16240 8992 16241 8993
16242 9312 16380 9450
16381 9472 16530 9621
16531 9632 16610 9711
16611 9728 16630 9747
16631 9754 16716 9839
16717 9985 16720 9988
16721 9990 16724 9993
16725 9996 16752 10023
16753 10025 16787 10059
16788 10061 16788 10061
16789 10063 16792 10066
16793 10070 16793 10070
16794 10072 16800 10078
16801 10081 16807 10087
16808 10102 16838 10132
16839 10136 16862 10159
16863 10161 16876 10174
16877 12288 16880 12291
16881 12293 16897 12309
16898 12317 16898 12317
16899 12319 16899 12319
16900 12353 16983 12436
16984 12443 16987 12446
16988 12449 17081 12542
17082 12849 17083 12850
17084 12857 17084 12857
17085 12964 17089 12968
17090 13059 17090 13059
17091 13069 17091 13069
17092 13076 17092 13076
17093 13080 17093 13080
17094 13090 17095 13091
17096 13094 17097 13095
17098 13099 17098 13099
17099 13110 17099 13110
17100 13115 17100 13115
17101 13129 17102 13130
17103 13133 17103 13133
17104 13137 17104 13137
17105 13143 17105 13143
17106 13179 17109 13182
17110 13198 17111 13199
17112 13212 17114 13214
17115 13217 17115 13217
17116 13252 17116 13252
17117 13261 17117 13261
17118 20189 17118 20189
17119 61441 17120 61442
17121 64257 17122 64258
17123 65281 17123 65281
17124 65283 17127 65286
17128 65288 17214 65374
17215 65377 17277 65439
17278 65504 17281 65507
17282 65509 17282 65509
