188
0 65535 0 65535
2 127 2 127
3 32 97 126
98 164 98 164
99 167 100 168
101 176 102 177
103 183 103 183
104 215 104 215
105 224 106 225
107 232 109 234
110 236 111 237
112 242 113 243
114 247 114 247
115 249 116 250
117 252 117 252
118 257 118 257
119 275 119 275
120 283 120 283
121 299 121 299
122 324 122 324
123 328 123 328
124 333 124 333
125 363 125 363
126 462 126 462
127 464 127 464
128 466 128 466
129 468 129 468
130 470 130 470
131 472 131 472
132 474 132 474
133 476 133 476
134 593 134 593
135 609 135 609
136 711 136 711
137 713 137 713
138 913 154 929
155 931 161 937
162 945 178 961
179 963 185 969
186 1025 186 1025
187 1040 250 1103
251 1105 251 1105
252 8212 252 8212
253 8214 253 8214
254 8216 255 8217
256 8220 257 8221
258 8230 258 8230
259 8240 259 8240
260 8242 261 8243
262 8251 262 8251
263 8451 263 8451
264 8470 264 8470
265 8544 276 8555
277 8592 280 8595
281 8712 281 8712
282 8719 282 8719
283 8721 283 8721
284 8730 284 8730
285 8733 286 8734
287 8736 287 8736
288 8741 288 8741
289 8743 293 8747
294 8750 294 8750
295 8756 298 8759
299 8765 299 8765
300 8776 300 8776
301 8780 301 8780
302 8800 303 8801
304 8804 305 8805
306 8814 307 8815
308 8857 308 8857
309 8869 309 8869
310 8978 310 8978
311 9312 320 9321
321 9332 360 9371
361 9472 436 9547
437 9632 438 9633
439 9650 440 9651
441 9670 442 9671
443 9675 443 9675
444 9678 445 9679
446 9733 447 9734
448 9792 448 9792
449 9794 449 9794
450 12288 453 12291
454 12293 454 12293
455 12296 464 12305
465 12307 469 12311
470 12353 552 12435
553 12449 638 12534
639 12549 675 12585
676 12832 685 12841
686 59335 687 59336
688 59367 700 59379
701 65281 794 65374
795 65504 796 65505
797 65507 797 65507
798 65509 798 65509
799 714 800 715
801 729 801 729
802 8211 802 8211
803 8213 803 8213
804 8229 804 8229
805 8245 805 8245
806 8453 806 8453
807 8457 807 8457
808 8598 811 8601
812 8725 812 8725
813 8735 813 8735
814 8739 814 8739
815 8786 815 8786
816 8806 817 8807
818 8895 818 8895
819 9552 854 9587
855 9601 869 9615
870 9619 872 9621
873 9660 874 9661
875 9698 878 9701
879 9737 879 9737
880 8853 880 8853
881 12306 881 12306
882 12317 883 12318
884 12321 892 12329
893 12963 893 12963
894 13198 895 13199
896 13212 898 13214
899 13217 899 13217
900 13252 900 13252
901 13262 901 13262
902 13265 903 13266
904 13269 904 13269
905 65072 906 65073
907 65075 924 65092
925 65097 934 65106
935 65108 938 65111
939 65113 952 65126
953 65128 956 65131
957 8560 966 8569
967 65506 967 65506
968 65508 968 65508
969 8481 969 8481
970 12849 970 12849
971 8208 971 8208
972 12540 972 12540
973 12443 974 12444
975 12541 976 12542
977 12294 977 12294
978 12445 979 12446
980 19968 21881 40869
21882 63788 21882 63788
21883 63865 21883 63865
21884 63893 21884 63893
21885 63975 21885 63975
21886 63985 21886 63985
21887 64012 21890 64015
21891 64017 21891 64017
21892 64019 21893 64020
21894 64024 21894 64024
21895 64031 21897 64033
21898 64035 21899 64036
21900 64039 21902 64041
21903 59413 21982 59492
21983 12295 21983 12295
22021 160 22024 163
22025 165 22026 166
22027 169 22033 175
22034 178 22038 182
22039 184 22069 214
22070 216 22077 223
22078 226 22083 231
22084 235 22084 235
22085 238 22088 241
22089 244 22091 246
22092 248 22092 248
22093 251 22093 251
22094 253 22096 255
22097 338 22098 339
22099 352 22100 353
22101 376 22101 376
22102 402 22102 402
22103 710 22103 710
22104 732 22104 732
22105 8218 22105 8218
22106 8222 22106 8222
22107 8224 22109 8226
22110 8249 22111 8250
22112 8364 22112 8364
22113 8482 22113 8482
